1.119280219078063965e+00 0.000000000000000000e+00
1.114630254074623572e+00 7.142857142857142461e-02
1.110558676200836148e+00 1.428571428571428492e-01
1.107170465166080531e+00 2.142857142857142738e-01
1.104570600679736447e+00 2.857142857142856984e-01
1.102831860662114805e+00 3.571428571428570953e-01
1.101578290113343073e+00 4.285714285714285476e-01
1.100150346755981445e+00 5.000000000000000000e-01
1.098347901239035584e+00 5.714285714285713969e-01
1.096281274056208677e+00 6.428571428571427937e-01
1.093753492796342819e+00 7.142857142857141906e-01
1.090271382622486129e+00 7.857142857142856984e-01
1.084648628537230985e+00 8.571428571428570953e-01
1.078405506289822124e+00 9.285714285714284921e-01
1.073446035385131836e+00 1.000000000000000000e+00
1.069905208539130737e+00 1.071428571428571397e+00
1.066630890413727828e+00 1.142857142857142794e+00
1.063596408432702534e+00 1.214285714285714191e+00
1.060775090019834943e+00 1.285714285714285587e+00
1.058140262598905146e+00 1.357142857142856984e+00
1.055665253593692121e+00 1.428571428571428381e+00
1.053323390427976847e+00 1.500000000000000000e+00
1.051088000525538524e+00 1.571428571428571397e+00
1.048932411310157020e+00 1.642857142857142794e+00
1.046829950205612425e+00 1.714285714285714191e+00
1.044753944635684384e+00 1.785714285714285587e+00
1.042677722024152986e+00 1.857142857142856984e+00
1.040574609794797878e+00 1.928571428571428381e+00
1.038417935371398926e+00 2.000000000000000000e+00
1.036253879595488092e+00 2.071428571428571175e+00
1.034143006868943004e+00 2.142857142857142794e+00
1.032080219956060585e+00 2.214285714285713969e+00
1.030060421621139088e+00 2.285714285714285587e+00
1.028078514628476103e+00 2.357142857142857206e+00
1.026129401742369440e+00 2.428571428571428381e+00
1.024207985727116466e+00 2.500000000000000000e+00
1.022309169347014990e+00 2.571428571428571175e+00
1.020427855366363046e+00 2.642857142857142794e+00
1.018558946549458000e+00 2.714285714285713969e+00
1.016697345660597440e+00 2.785714285714285587e+00
1.014837955464079622e+00 2.857142857142856762e+00
1.012975678724201467e+00 2.928571428571428381e+00
1.011105418205261230e+00 3.000000000000000000e+00
1.009238964044448350e+00 3.071428571428571175e+00
1.007390499858962229e+00 3.142857142857142794e+00
1.005558518633116183e+00 3.214285714285713969e+00
1.003741513351222858e+00 3.285714285714285587e+00
1.001937976997595570e+00 3.357142857142856762e+00
1.000146402556546743e+00 3.428571428571428381e+00
9.983652830123901367e-01 3.500000000000000000e+00
