2.177684545516967773e+00 4.160176813602447510e-01
2.176745891571044922e+00 4.454365023458846662e-01
2.175402402877807617e+00 4.748553233315246369e-01
2.174728870391845703e+00 5.042741443171645521e-01
2.174727916717529297e+00 5.336929653028045228e-01
2.173703193664550781e+00 5.631117862884444936e-01
2.172601699829101562e+00 5.925306072740843533e-01
2.172500212987264145e+00 6.219494282597243240e-01
2.172398726145426284e+00 6.513682492453642947e-01
2.172094345092773438e+00 6.807870702310041544e-01
2.170673847198486328e+00 7.102058912166441251e-01
2.169262409210205078e+00 7.396247122022840959e-01
2.167385578155517578e+00 7.690435331879239556e-01
2.165272235870361328e+00 7.984623541735640373e-01
2.162833929061889648e+00 8.278811751592038970e-01
2.160645723342895508e+00 8.572999961448438677e-01
2.158850193023681641e+00 8.867188171304838384e-01
2.157083034515380859e+00 9.455564591017636689e-01
2.155067920684814453e+00 9.749752800874036396e-01
2.153423786163330078e+00 1.004394101073043499e+00
2.152388572692871094e+00 1.033812922058683359e+00
2.151355504989624023e+00 1.092650564029963522e+00
2.150167226791381836e+00 1.122069385015603160e+00
2.149247646331787109e+00 1.151488206001243242e+00
2.148341178894042969e+00 1.210325847972522961e+00
2.147788286209106445e+00 1.239744668958163043e+00
2.147329568862915039e+00 1.269163489943803125e+00
2.146612644195556641e+00 1.328001131915082844e+00
2.145422220230102539e+00 1.357419952900722926e+00
2.145068407058715820e+00 1.416257594872002645e+00
2.144219716389974550e+00 1.445676415857642727e+00
2.144203689363268328e+00 1.504514057828922446e+00
2.144187662336561662e+00 1.533932878814562528e+00
2.144171635309855439e+00 1.592770520785842248e+00
2.144018650054931641e+00 1.622189341771482329e+00
2.143732070922851562e+00 1.681026983742762049e+00
2.142662048339843750e+00 1.739864625714041990e+00
2.142568111419677734e+00 1.769283446699682072e+00
2.141944408416748047e+00 1.828121088670961791e+00
2.141689062118530273e+00 1.886958730642241733e+00
2.141592184702555191e+00 1.916377551627881592e+00
2.141587972640990767e+00 1.975215193599161534e+00
2.141583760579426787e+00 2.034052835570441253e+00
2.141579548517862808e+00 2.092890477541721417e+00
2.141575336456298384e+00 2.122309298527361499e+00
2.141571124394734404e+00 2.181146940498641218e+00
2.141566912333169981e+00 2.239984582469920937e+00
2.141562700271606001e+00 2.298822224441201101e+00
2.141558488210042022e+00 2.357659866412480820e+00
2.141554276148477598e+00 2.416497508383760540e+00
2.141550064086913618e+00 2.475335150355040703e+00
2.141545852025349639e+00 2.534172792326320423e+00
2.141541639963785215e+00 2.593010434297600142e+00
2.141537427902221236e+00 2.651848076268880305e+00
2.141533215840657256e+00 2.710685718240160025e+00
2.141529003779092832e+00 2.769523360211439744e+00
2.141524791717528853e+00 2.828361002182719908e+00
2.141520579655964873e+00 2.887198644153999627e+00
2.141516367594400450e+00 2.946036286125279346e+00
2.141512155532836470e+00 3.004873928096559510e+00
2.141507943471272046e+00 3.093130391053479311e+00
2.141503731409708067e+00 3.151968033024759031e+00
2.141499519348144087e+00 3.210805674996039194e+00
2.141495307286579663e+00 3.269643316967318913e+00
