2.156247854232788086e+00 4.079496562480926514e-01
2.155540227890014648e+00 4.635730554359127620e-01
2.154336929321289062e+00 5.191964546237328726e-01
2.154089212417602539e+00 5.748198538115529832e-01
2.153635422388712417e+00 6.304432529993730938e-01
2.153629779815673828e+00 6.860666521871932044e-01
2.153624137242635239e+00 7.416900513750134261e-01
2.153612852096557617e+00 7.973134505628335367e-01
2.153556108474731445e+00 8.529368497506536473e-01
2.153461456298828125e+00 9.085602489384737579e-01
2.152818918228149414e+00 9.641836481262938685e-01
2.152472257614135742e+00 1.019807047314114090e+00
2.152176618576049805e+00 1.075430446501934201e+00
2.152163394292195608e+00 1.131053845689754311e+00
2.152161924927322723e+00 1.186677244877574422e+00
2.152160455562449837e+00 1.242300644065394533e+00
2.152158986197577395e+00 1.297924043253214643e+00
2.152157516832704509e+00 1.353547442441034754e+00
2.152156047467832067e+00 1.409170841628854864e+00
2.152154578102959182e+00 1.464794240816674975e+00
2.152153108738086740e+00 1.520417640004495086e+00
2.152151639373213854e+00 1.576041039192315196e+00
2.152150170008340968e+00 1.687287837567955417e+00
2.152026096979776870e+00 1.742911236755775750e+00
2.151994466781616211e+00 1.798534635943595861e+00
2.151962836583455552e+00 1.854158035131415971e+00
2.151899576187133789e+00 1.909781434319236082e+00
2.151860237121582031e+00 1.965404833507056193e+00
2.151676204469468612e+00 2.076651631882696414e+00
2.151626984278360855e+00 2.132275031070516746e+00
2.151577764087253097e+00 2.187898430258336635e+00
2.151433944702148438e+00 2.299145228633976856e+00
2.151285886764526367e+00 2.354768627821797189e+00
2.151269912719726562e+00 2.410392027009617077e+00
2.151253938674926758e+00 2.521638825385257299e+00
2.151157075080319725e+00 2.577262224573077631e+00
2.151153550003515047e+00 2.632885623760897520e+00
2.151150024926710369e+00 2.744132422136537741e+00
2.151146499849906135e+00 2.799755821324358074e+00
2.151142974773101457e+00 2.911002619699998295e+00
2.151139449696296779e+00 2.966626018887818184e+00
2.151135924619492101e+00 3.077872817263458849e+00
2.151132399542687867e+00 3.133496216451278737e+00
2.151128874465883190e+00 3.244743014826918959e+00
2.151125349389078512e+00 3.355989813202559180e+00
2.151121824312274278e+00 3.411613212390379513e+00
2.151118299235469600e+00 3.522860010766019734e+00
2.151114774158664922e+00 3.578483409953839622e+00
2.151111249081860688e+00 3.689730208329479844e+00
2.151107724005056010e+00 3.800977006705120065e+00
2.151104198928251332e+00 3.912223805080760286e+00
2.151100673851447098e+00 3.967847204268580619e+00
2.151097148774642420e+00 4.079094002644220396e+00
2.151093623697837742e+00 4.190340801019861061e+00
2.151090098621033064e+00 4.301587599395501726e+00
2.151086573544228830e+00 4.412834397771141504e+00
2.151083048467424153e+00 4.468457796958961836e+00
2.151079523390619475e+00 4.579704595334601613e+00
2.150762081146240234e+00 4.690951393710242279e+00
2.149840831756591797e+00 4.802198192085882056e+00
2.148777246475219727e+00 4.913444990461522721e+00
2.147783517837524414e+00 5.024691788837163386e+00
2.146173238754272461e+00 5.135938587212803164e+00
2.145219326019287109e+00 5.247185385588443829e+00
2.144919395446777344e+00 5.358432183964083606e+00
2.143872499465942383e+00 5.469678982339724271e+00
2.142583847045898438e+00 5.580925780715364048e+00
