2.199782609939575195e+00 4.160176813602447510e-01
2.199182748794555664e+00 4.454365023458846662e-01
2.199037790298461914e+00 4.748553233315246369e-01
2.198662996292114258e+00 5.042741443171645521e-01
2.198430776596069336e+00 5.336929653028045228e-01
2.197990179061889648e+00 5.631117862884444936e-01
2.197974602381388198e+00 5.925306072740843533e-01
2.197966814041137695e+00 6.219494282597243240e-01
2.197959025700887192e+00 6.513682492453642947e-01
2.197695732116699219e+00 6.807870702310041544e-01
2.197317838668823242e+00 7.102058912166441251e-01
2.196920633316040039e+00 7.396247122022840959e-01
2.196054697036743164e+00 7.690435331879239556e-01
2.194619894027709961e+00 7.984623541735640373e-01
2.192682027816772461e+00 8.278811751592038970e-01
2.191629886627197266e+00 8.572999961448438677e-01
2.190128564834594727e+00 8.867188171304838384e-01
2.187879323959350586e+00 9.455564591017636689e-01
2.185324430465698242e+00 9.749752800874036396e-01
2.183038473129272461e+00 1.004394101073043499e+00
2.181620597839355469e+00 1.033812922058683359e+00
2.180238962173461914e+00 1.092650564029963522e+00
2.178610801696777344e+00 1.122069385015603160e+00
2.177334308624267578e+00 1.151488206001243242e+00
2.176683664321899414e+00 1.210325847972522961e+00
2.176333665847778320e+00 1.239744668958163043e+00
2.175411462783813477e+00 1.269163489943803125e+00
2.175147215525309097e+00 1.328001131915082844e+00
2.175095160802205552e+00 1.357419952900722926e+00
2.174938917160034180e+00 1.416257594872002645e+00
2.173578023910522461e+00 1.445676415857642727e+00
2.172663927078247070e+00 1.504514057828922446e+00
2.172343174616495620e+00 1.533932878814562528e+00
2.172324736913045395e+00 1.592770520785842248e+00
2.171006679534912109e+00 1.622189341771482329e+00
2.169989585876464844e+00 1.681026983742762049e+00
2.168256044387817383e+00 1.739864625714041990e+00
2.167764425277709961e+00 1.769283446699682072e+00
2.167358398437500000e+00 1.828121088670961791e+00
2.166020154953002930e+00 1.886958730642241733e+00
2.165407260258992661e+00 1.916377551627881592e+00
2.165389871597290572e+00 1.975215193599161534e+00
2.165372482935588039e+00 2.034052835570441253e+00
2.165355094273885506e+00 2.092890477541721417e+00
2.165337705612182972e+00 2.122309298527361499e+00
2.165320316950480883e+00 2.181146940498641218e+00
2.164678335189819336e+00 2.239984582469920937e+00
2.164431174596150864e+00 2.298822224441201101e+00
2.164386908213297378e+00 2.357659866412480820e+00
2.163723230361938477e+00 2.416497508383760540e+00
2.163116693496704102e+00 2.475335150355040703e+00
2.162825345993041992e+00 2.534172792326320423e+00
2.161933898925781250e+00 2.593010434297600142e+00
2.161678314208984375e+00 2.651848076268880305e+00
2.160950899124145508e+00 2.710685718240160025e+00
2.160434484481811523e+00 2.769523360211439744e+00
2.159613847732543945e+00 2.828361002182719908e+00
2.159317016601562500e+00 2.887198644153999627e+00
2.157695770263671875e+00 2.946036286125279346e+00
2.155581712722778320e+00 3.004873928096559510e+00
2.153121948242187500e+00 3.093130391053479311e+00
2.151541709899902344e+00 3.151968033024759031e+00
