2.159098148345947266e+00 4.035778641700744629e-01
2.158975124359130859e+00 4.592454228738341859e-01
2.157882213592529297e+00 5.149129815775939090e-01
2.157306194305419922e+00 5.705805402813535210e-01
2.157249053319295395e+00 6.262480989851132440e-01
2.157191912333170425e+00 6.819156576888729671e-01
2.156953096389770508e+00 7.375832163926326901e-01
2.156541824340820312e+00 7.932507750963924131e-01
2.156111955642700195e+00 8.489183338001520251e-01
2.155872106552124023e+00 9.045858925039117482e-01
2.155230522155761719e+00 9.602534512076714712e-01
2.154618263244628906e+00 1.015921009911431305e+00
2.154046773910522461e+00 1.071588568615190917e+00
2.153416633605957031e+00 1.127256127318950529e+00
2.152855775295160257e+00 1.182923686022710363e+00
2.152854865432805020e+00 1.238591244726469975e+00
2.152853955570449784e+00 1.294258803430229587e+00
2.152853045708094548e+00 1.349926362133989421e+00
2.152852135845738868e+00 1.405593920837749033e+00
2.152851225983383632e+00 1.461261479541508868e+00
2.152850316121028396e+00 1.516929038245268480e+00
2.152849406258673159e+00 1.572596596949028314e+00
2.152848496396317923e+00 1.628264155652787926e+00
2.152847586533962243e+00 1.683931714356547538e+00
2.152846676671607007e+00 1.739599273060307372e+00
2.152845766809251771e+00 1.795266831764066984e+00
2.152844856946896535e+00 1.850934390467826818e+00
2.152480125427246094e+00 1.906601949171586430e+00
2.151983022689819336e+00 1.962269507875346042e+00
2.151346524556478013e+00 2.017937066579105654e+00
2.151291886965433608e+00 2.073604625282865488e+00
2.151237249374389648e+00 2.129272183986625322e+00
2.151182611783345688e+00 2.184939742690384712e+00
2.151127974192301284e+00 2.240607301394144546e+00
2.150762081146240234e+00 2.296274860097904380e+00
2.149768114089965820e+00 2.351942418801663770e+00
2.149745702743530273e+00 2.407609977505423604e+00
2.149401802486843760e+00 2.463277536209183438e+00
2.149376437777564597e+00 2.518945094912943272e+00
2.149351073068285878e+00 2.574612653616702662e+00
2.149325708359007159e+00 2.630280212320462496e+00
2.149300343649727996e+00 2.741615329727982164e+00
2.149274978940449277e+00 2.797282888431741554e+00
2.149249614231170113e+00 2.908618005839261222e+00
2.149224249521891394e+00 2.964285564543020612e+00
2.149198884812612675e+00 3.075620681950540281e+00
2.149173520103333512e+00 3.131288240654299670e+00
2.149148155394054793e+00 3.242623358061819339e+00
2.149122790684775630e+00 3.298290916765579173e+00
2.149097425975496911e+00 3.353958475469338563e+00
2.149072061266218192e+00 3.409626034173098397e+00
2.149046696556939029e+00 3.520961151580617621e+00
2.147941801283094421e+00 3.576628710284377455e+00
2.147665372601261780e+00 3.632296268988137289e+00
2.147388943919429138e+00 3.687963827691896679e+00
2.147112515237596497e+00 3.799298945099416347e+00
2.146697872214847091e+00 3.854966503803176181e+00
2.146532015005747418e+00 3.910634062506935571e+00
2.146366157796647745e+00 3.966301621210695405e+00
2.146200300587548515e+00 4.077636738618214629e+00
2.146034443378448842e+00 4.188971856025734297e+00
2.145868586169349168e+00 4.300306973433253077e+00
2.144410336459124711e+00 4.355974532137013355e+00
2.144351442654927720e+00 4.411642090840772745e+00
2.144292548850730729e+00 4.467309649544533023e+00
2.144233655046533737e+00 4.522977208248292413e+00
2.144174761242336746e+00 4.578644766952051803e+00
2.144115867438139755e+00 4.689979884359571471e+00
2.144056973633942764e+00 4.801315001767091140e+00
2.143998079829745773e+00 4.912650119174609920e+00
2.143939186025548782e+00 5.023985236582129588e+00
2.140751441319783677e+00 5.079652795285889866e+00
2.140673458576202393e+00 5.135320353989649256e+00
2.140595475832621108e+00 5.190987912693408646e+00
2.140517493089040268e+00 5.246655471397168924e+00
2.140439510345458984e+00 5.302323030100928314e+00
2.140361527601877700e+00 5.357990588804687704e+00
2.140283544858296860e+00 5.469325706212207372e+00
2.140205562114715576e+00 5.580660823619727040e+00
2.140127579371134292e+00 5.691995941027245820e+00
2.139503717422485352e+00 5.803331058434765488e+00
