2.159540176391601562e+00 4.079496562480926514e-01
2.159049272537231445e+00 4.635730554359127620e-01
2.158256292343139648e+00 5.191964546237328726e-01
2.157702684402465820e+00 5.748198538115529832e-01
2.157329877217610825e+00 6.304432529993730938e-01
2.157195250193277847e+00 6.860666521871932044e-01
2.157060623168945312e+00 7.416900513750134261e-01
2.156914472579956055e+00 7.973134505628335367e-01
2.156903743743896484e+00 8.529368497506536473e-01
2.156811952590942383e+00 9.085602489384737579e-01
2.156116724014282227e+00 9.641836481262938685e-01
2.156043767929077148e+00 1.019807047314114090e+00
2.155903577804565430e+00 1.075430446501934201e+00
2.155902226765950669e+00 1.131053845689754311e+00
2.155902076650548782e+00 1.186677244877574422e+00
2.155901926535147339e+00 1.242300644065394533e+00
2.155901776419745453e+00 1.297924043253214643e+00
2.155901626304344010e+00 1.353547442441034754e+00
2.155901476188942123e+00 1.409170841628854864e+00
2.155901326073540680e+00 1.464794240816674975e+00
2.155901175958138793e+00 1.520417640004495086e+00
2.155901025842737351e+00 1.576041039192315196e+00
2.155900875727335464e+00 1.687287837567955417e+00
2.155214733547634598e+00 1.742911236755775750e+00
2.155193903229453589e+00 1.798534635943595861e+00
2.155173072911272136e+00 1.854158035131415971e+00
2.155152242593091128e+00 1.909781434319236082e+00
2.155131412274909675e+00 1.965404833507056193e+00
2.155110581956728666e+00 2.076651631882696414e+00
2.155089751638547213e+00 2.132275031070516746e+00
2.155068921320366204e+00 2.187898430258336635e+00
2.155048091002184751e+00 2.299145228633976856e+00
2.155027260684003743e+00 2.354768627821797189e+00
2.155006430365822290e+00 2.410392027009617077e+00
2.154985600047641281e+00 2.521638825385257299e+00
2.154758267932467941e+00 2.577262224573077631e+00
2.154756466547647964e+00 2.632885623760897520e+00
2.154754665162827987e+00 2.744132422136537741e+00
2.154546976089477539e+00 2.799755821324358074e+00
2.154434124628702207e+00 2.911002619699998295e+00
2.154421382480196989e+00 2.966626018887818184e+00
2.154408640331691771e+00 3.077872817263458849e+00
2.154395898183186553e+00 3.133496216451278737e+00
2.154338950202578484e+00 3.244743014826918959e+00
2.154338927496047162e+00 3.355989813202559180e+00
2.154338904789515841e+00 3.411613212390379513e+00
2.154338882082984519e+00 3.522860010766019734e+00
2.154338859376453197e+00 3.578483409953839622e+00
2.154338836669921875e+00 3.689730208329479844e+00
2.154338813963390553e+00 3.800977006705120065e+00
2.154338791256858787e+00 3.912223805080760286e+00
2.154338768550327465e+00 3.967847204268580619e+00
2.154338745843796143e+00 4.079094002644220396e+00
2.154338723137264822e+00 4.190340801019861061e+00
2.154338700430733500e+00 4.301587599395501726e+00
2.154338677724202178e+00 4.412834397771141504e+00
2.154338655017670856e+00 4.468457796958961836e+00
2.154338359832763672e+00 4.579704595334601613e+00
2.154093265533447266e+00 4.690951393710242279e+00
2.153575420379638672e+00 4.802198192085882056e+00
2.152755260467529297e+00 4.913444990461522721e+00
2.151665210723876953e+00 5.024691788837163386e+00
2.150136470794677734e+00 5.135938587212803164e+00
2.148554801940917969e+00 5.247185385588443829e+00
