2.205042839050292969e+00 4.160176813602447510e-01
2.204882913165622238e+00 4.454365023458846662e-01
2.204813162485758316e+00 4.748553233315246369e-01
2.204743411805894393e+00 5.042741443171645521e-01
2.204607486724853516e+00 5.336929653028045228e-01
2.204516172409057617e+00 5.631117862884444936e-01
2.204298814137776841e+00 5.925306072740843533e-01
2.204209804534912109e+00 6.219494282597243240e-01
2.204120794932047378e+00 6.513682492453642947e-01
2.203741788864135742e+00 6.807870702310041544e-01
2.202284097671508789e+00 7.102058912166441251e-01
2.201721429824829102e+00 7.396247122022840959e-01
2.201335748036702622e+00 7.690435331879239556e-01
2.201229015986124526e+00 7.984623541735640373e-01
2.199940681457519531e+00 8.278811751592038970e-01
2.198829650878906250e+00 8.572999961448438677e-01
2.197541236877441406e+00 8.867188171304838384e-01
2.196084022521972656e+00 9.455564591017636689e-01
2.194143772125244141e+00 9.749752800874036396e-01
2.192451000213623047e+00 1.004394101073043499e+00
2.191462993621826172e+00 1.033812922058683359e+00
2.190398693084716797e+00 1.092650564029963522e+00
2.189234256744384766e+00 1.122069385015603160e+00
2.187615871429443359e+00 1.151488206001243242e+00
2.186639308929443359e+00 1.210325847972522961e+00
2.186317920684814453e+00 1.239744668958163043e+00
2.185413837432861328e+00 1.269163489943803125e+00
2.184114217758178711e+00 1.328001131915082844e+00
2.183323383331298828e+00 1.357419952900722926e+00
2.182269096374511719e+00 1.416257594872002645e+00
2.180839538574218750e+00 1.445676415857642727e+00
2.180117130279541016e+00 1.504514057828922446e+00
2.179719448089599609e+00 1.533932878814562528e+00
2.177792787551879883e+00 1.592770520785842248e+00
2.175823132197062026e+00 1.622189341771482329e+00
2.175766547520955552e+00 1.681026983742762049e+00
2.174744606018066406e+00 1.739864625714041990e+00
2.173970222473144531e+00 1.769283446699682072e+00
2.173760175704956055e+00 1.828121088670961791e+00
2.172749042510986328e+00 1.886958730642241733e+00
2.172527313232421875e+00 1.916377551627881592e+00
2.171972513198852539e+00 1.975215193599161534e+00
2.170663833618164062e+00 2.034052835570441253e+00
2.170467615127563477e+00 2.092890477541721417e+00
2.170086622238159180e+00 2.122309298527361499e+00
2.169978698094686020e+00 2.181146940498641218e+00
2.169870773951212417e+00 2.239984582469920937e+00
2.169351339340209961e+00 2.298822224441201101e+00
2.168749570846557617e+00 2.357659866412480820e+00
2.168116807937622070e+00 2.416497508383760540e+00
2.167983531951904297e+00 2.475335150355040703e+00
2.167885541915893555e+00 2.534172792326320423e+00
2.166916608810424805e+00 2.593010434297600142e+00
2.166556517283121597e+00 2.651848076268880305e+00
2.166549523671468247e+00 2.710685718240160025e+00
2.165822505950927734e+00 2.769523360211439744e+00
2.164875030517578125e+00 2.828361002182719908e+00
2.164424896240234375e+00 2.887198644153999627e+00
2.163174629211425781e+00 2.946036286125279346e+00
2.159972190856933594e+00 3.004873928096559510e+00
2.156379222869873047e+00 3.093130391053479311e+00
2.154799461364746094e+00 3.151968033024759031e+00
2.153553406397501480e+00 3.210805674996039194e+00
