2.160784959793090820e+00 4.079496562480926514e-01
2.160108804702758789e+00 4.635730554359127620e-01
2.159016847610473633e+00 5.191964546237328726e-01
2.158678531646728516e+00 5.748198538115529832e-01
2.158073266347249497e+00 6.304432529993730938e-01
2.158023277918497573e+00 6.860666521871932044e-01
2.157973289489746094e+00 7.416900513750134261e-01
2.157934188842773438e+00 7.973134505628335367e-01
2.157891988754272461e+00 8.529368497506536473e-01
2.157772541046142578e+00 9.085602489384737579e-01
2.157058954238891602e+00 9.641836481262938685e-01
2.156787157058715820e+00 1.019807047314114090e+00
2.156519889831542969e+00 1.075430446501934201e+00
2.156473445892334251e+00 1.131053845689754311e+00
2.156468285454644196e+00 1.186677244877574422e+00
2.156463125016954141e+00 1.242300644065394533e+00
2.156457964579264530e+00 1.297924043253214643e+00
2.156452804141574475e+00 1.353547442441034754e+00
2.156447643703884864e+00 1.409170841628854864e+00
2.156442483266194809e+00 1.464794240816674975e+00
2.156437322828505199e+00 1.520417640004495086e+00
2.156432162390815144e+00 1.576041039192315196e+00
2.156427001953125089e+00 1.687287837567955417e+00
2.155421495437622070e+00 1.742911236755775750e+00
2.155399441719055176e+00 1.798534635943595861e+00
2.155377388000488281e+00 1.854158035131415971e+00
2.155355334281921387e+00 1.909781434319236082e+00
2.155333280563354492e+00 1.965404833507056193e+00
2.155311226844787598e+00 2.076651631882696414e+00
2.155289173126220703e+00 2.132275031070516746e+00
2.155267119407653809e+00 2.187898430258336635e+00
2.155245065689086914e+00 2.299145228633976856e+00
2.155223011970520020e+00 2.354768627821797189e+00
2.155200958251953125e+00 2.410392027009617077e+00
2.155178904533386230e+00 2.521638825385257299e+00
2.154936313629150391e+00 2.577262224573077631e+00
2.154933452606201172e+00 2.632885623760897520e+00
2.154930591583251953e+00 2.744132422136537741e+00
2.154702663421630859e+00 2.799755821324358074e+00
2.154606395297579358e+00 2.911002619699998295e+00
2.154604107725853090e+00 2.966626018887818184e+00
2.154601820154126823e+00 3.077872817263458849e+00
2.154599532582400556e+00 3.133496216451278737e+00
2.154597245010674289e+00 3.244743014826918959e+00
2.154594957438948022e+00 3.355989813202559180e+00
2.154592669867221755e+00 3.411613212390379513e+00
2.154590382295495488e+00 3.522860010766019734e+00
2.154588094723769220e+00 3.578483409953839622e+00
2.154585807152043397e+00 3.689730208329479844e+00
2.154583519580317130e+00 3.800977006705120065e+00
2.154581232008590863e+00 3.912223805080760286e+00
2.154578944436864596e+00 3.967847204268580619e+00
2.154576656865138329e+00 4.079094002644220396e+00
2.154574369293412062e+00 4.190340801019861061e+00
2.154572081721685795e+00 4.301587599395501726e+00
2.154569794149959527e+00 4.412834397771141504e+00
2.154567506578233260e+00 4.468457796958961836e+00
2.154317855834960938e+00 4.579704595334601613e+00
2.153573036193847656e+00 4.690951393710242279e+00
2.152533292770385742e+00 4.802198192085882056e+00
2.151515483856201172e+00 4.913444990461522721e+00
2.150453329086303711e+00 5.024691788837163386e+00
2.150196075439453125e+00 5.135938587212803164e+00
2.149302005767822266e+00 5.247185385588443829e+00
2.146941184997558594e+00 5.358432183964083606e+00
2.144498348236083984e+00 5.469678982339724271e+00
2.143534660339355469e+00 5.580925780715364048e+00
2.142689943313598633e+00 5.692172579091004714e+00
