2.156744718551635742e+00 4.079496562480926514e-01
2.156381607055664062e+00 4.635730554359127620e-01
2.155498743057250977e+00 5.191964546237328726e-01
2.154818058013916016e+00 5.748198538115529832e-01
2.154525518417358398e+00 6.304432529993730938e-01
2.154350042343139648e+00 6.860666521871932044e-01
2.154174566268920898e+00 7.416900513750134261e-01
2.153883457183837891e+00 7.973134505628335367e-01
2.153727531433105469e+00 8.529368497506536473e-01
2.153586626052856445e+00 9.085602489384737579e-01
2.153239011764526367e+00 9.641836481262938685e-01
2.152865886688232422e+00 1.019807047314114090e+00
2.152825355529785156e+00 1.075430446501934201e+00
2.152653455734252930e+00 1.131053845689754311e+00
2.152612566947937012e+00 1.186677244877574422e+00
2.152606725692749023e+00 1.242300644065394533e+00
2.152600884437561035e+00 1.297924043253214643e+00
2.152595043182373047e+00 1.353547442441034754e+00
2.152589201927185059e+00 1.409170841628854864e+00
2.152583360671997070e+00 1.464794240816674975e+00
2.152577519416809082e+00 1.520417640004495086e+00
2.152571678161621094e+00 1.576041039192315196e+00
2.151824712753295898e+00 1.687287837567955417e+00
2.151698191960652817e+00 1.742911236755775750e+00
2.151634931564331055e+00 1.798534635943595861e+00
2.151571671168009292e+00 1.854158035131415971e+00
2.151233434677124023e+00 1.909781434319236082e+00
2.150975942611694336e+00 1.965404833507056193e+00
2.150486866633097183e+00 2.076651631882696414e+00
2.150476773579915513e+00 2.132275031070516746e+00
2.150466680526733398e+00 2.187898430258336635e+00
2.150060415267944336e+00 2.299145228633976856e+00
2.149751186370849609e+00 2.354768627821797189e+00
2.149741649627685547e+00 2.410392027009617077e+00
2.149732112884521484e+00 2.521638825385257299e+00
2.148772001266479492e+00 2.577262224573077631e+00
2.148257017135620117e+00 2.632885623760897520e+00
2.147956132888793945e+00 2.744132422136537741e+00
2.147397597630818833e+00 2.799755821324358074e+00
2.147395610809326172e+00 2.911002619699998295e+00
2.147393623987833511e+00 2.966626018887818184e+00
2.147391637166341294e+00 3.077872817263458849e+00
2.147389650344848633e+00 3.133496216451278737e+00
2.147387663523355972e+00 3.244743014826918959e+00
2.146992444992065430e+00 3.355989813202559180e+00
2.146266698837280273e+00 3.411613212390379513e+00
2.145886166890461855e+00 3.522860010766019734e+00
2.145871319594206295e+00 3.578483409953839622e+00
2.145856472297950734e+00 3.689730208329479844e+00
2.145841625001695174e+00 3.800977006705120065e+00
2.145826777705439614e+00 3.912223805080760286e+00
2.145811930409184054e+00 3.967847204268580619e+00
2.145797083112928494e+00 4.079094002644220396e+00
2.145782235816672934e+00 4.190340801019861061e+00
2.145767388520417374e+00 4.301587599395501726e+00
2.145752541224161813e+00 4.412834397771141504e+00
2.145618915557861328e+00 4.468457796958961836e+00
2.144799709320068359e+00 4.579704595334601613e+00
2.143494367599487305e+00 4.690951393710242279e+00
2.142832279205322266e+00 4.802198192085882056e+00
2.142316102981567383e+00 4.913444990461522721e+00
2.140946388244628906e+00 5.024691788837163386e+00
2.140331983566284180e+00 5.135938587212803164e+00
2.139975070953369141e+00 5.247185385588443829e+00
