2.190789937973022461e+00 4.160176813602447510e-01
2.190053701400756836e+00 4.454365023458846662e-01
2.189064979553222656e+00 4.748553233315246369e-01
2.188863197962442886e+00 5.042741443171645521e-01
2.188759883244832505e+00 5.336929653028045228e-01
2.188656568527221680e+00 5.631117862884444936e-01
2.187689542770385742e+00 5.925306072740843533e-01
2.187492688496907700e+00 6.219494282597243240e-01
2.187460581461588394e+00 6.513682492453642947e-01
2.186580419540405273e+00 6.807870702310041544e-01
2.184653759002685547e+00 7.102058912166441251e-01
2.183089971542358398e+00 7.396247122022840959e-01
2.181457042694091797e+00 7.690435331879239556e-01
2.179562568664550781e+00 7.984623541735640373e-01
2.177659034729003906e+00 8.278811751592038970e-01
2.175860881805419922e+00 8.572999961448438677e-01
2.174294948577880859e+00 8.867188171304838384e-01
2.172601461410522461e+00 9.455564591017636689e-01
2.170797348022460938e+00 9.749752800874036396e-01
2.169219970703125000e+00 1.004394101073043499e+00
2.168254852294921875e+00 1.033812922058683359e+00
2.167431592941284180e+00 1.092650564029963522e+00
2.166229486465454102e+00 1.122069385015603160e+00
2.164768218994140625e+00 1.151488206001243242e+00
2.163873672485351562e+00 1.210325847972522961e+00
2.163541078567504883e+00 1.239744668958163043e+00
2.163156270980834961e+00 1.269163489943803125e+00
2.162885268529256333e+00 1.328001131915082844e+00
2.162881294886271011e+00 1.357419952900722926e+00
2.162032365798950195e+00 1.416257594872002645e+00
2.161032915115356445e+00 1.445676415857642727e+00
2.160280386606852066e+00 1.504514057828922446e+00
2.160203297932942856e+00 1.533932878814562528e+00
2.160108327865600586e+00 1.592770520785842248e+00
2.158787727355957031e+00 1.622189341771482329e+00
2.158361196517944336e+00 1.681026983742762049e+00
2.156213045120239258e+00 1.739864625714041990e+00
2.156023025512695312e+00 1.769283446699682072e+00
2.155454397201538086e+00 1.828121088670961791e+00
2.153810024261474609e+00 1.886958730642241733e+00
2.153683185577392578e+00 1.916377551627881592e+00
2.153641939163208008e+00 1.975215193599161534e+00
2.152772665023803711e+00 2.034052835570441253e+00
2.152171214421590317e+00 2.092890477541721417e+00
2.152154922485351562e+00 2.122309298527361499e+00
2.152138630549112808e+00 2.181146940498641218e+00
2.151546478271484375e+00 2.239984582469920937e+00
2.151015043258666992e+00 2.298822224441201101e+00
2.151001453399658203e+00 2.357659866412480820e+00
2.150775194168090820e+00 2.416497508383760540e+00
2.150463104248046875e+00 2.475335150355040703e+00
2.150424480438232422e+00 2.534172792326320423e+00
2.149450063705444336e+00 2.593010434297600142e+00
2.149359226226806641e+00 2.651848076268880305e+00
2.149154901504516602e+00 2.710685718240160025e+00
2.149140596389770508e+00 2.769523360211439744e+00
2.148872375488281250e+00 2.828361002182719908e+00
2.148829460144042969e+00 2.887198644153999627e+00
2.148811340332031250e+00 2.946036286125279346e+00
