2.193509578704833984e+00 4.160176813602447510e-01
2.192396879196166992e+00 4.454365023458846662e-01
2.191866636276245117e+00 4.748553233315246369e-01
2.191547393798828125e+00 5.042741443171645521e-01
2.191527366638183594e+00 5.336929653028045228e-01
2.191262933943006530e+00 5.631117862884444936e-01
2.191251542833116517e+00 5.925306072740843533e-01
2.191245847278171066e+00 6.219494282597243240e-01
2.191240151723226059e+00 6.513682492453642947e-01
2.191234456168281053e+00 6.807870702310041544e-01
2.190615415573120117e+00 7.102058912166441251e-01
2.190113782882690430e+00 7.396247122022840959e-01
2.188868284225463867e+00 7.690435331879239556e-01
2.186780452728271484e+00 7.984623541735640373e-01
2.184266328811645508e+00 8.278811751592038970e-01
2.181832075119018555e+00 8.572999961448438677e-01
2.179784536361694336e+00 8.867188171304838384e-01
2.177938699722290039e+00 9.455564591017636689e-01
2.175896406173706055e+00 9.749752800874036396e-01
2.173877477645874023e+00 1.004394101073043499e+00
2.172628641128540039e+00 1.033812922058683359e+00
2.171407938003540039e+00 1.092650564029963522e+00
2.169884681701660156e+00 1.122069385015603160e+00
2.168530702590942383e+00 1.151488206001243242e+00
2.167470455169677734e+00 1.210325847972522961e+00
2.166749954223632812e+00 1.239744668958163043e+00
2.166113376617431641e+00 1.269163489943803125e+00
2.165408372879028320e+00 1.328001131915082844e+00
2.165403366088867188e+00 1.357419952900722926e+00
2.165139675140380859e+00 1.416257594872002645e+00
2.163951158523559570e+00 1.445676415857642727e+00
2.163078546524047852e+00 1.504514057828922446e+00
2.162972688674926758e+00 1.533932878814562528e+00
2.162620306015014648e+00 1.592770520785842248e+00
2.159954547882080078e+00 1.622189341771482329e+00
2.159907102584838867e+00 1.681026983742762049e+00
2.158174037933349609e+00 1.739864625714041990e+00
2.156653881072998047e+00 1.769283446699682072e+00
2.155722618103027344e+00 1.828121088670961791e+00
2.154894113540649414e+00 1.886958730642241733e+00
2.154352188110351562e+00 1.916377551627881592e+00
2.153536081314086914e+00 1.975215193599161534e+00
2.152953306833902847e+00 2.034052835570441253e+00
2.152806931071811203e+00 2.092890477541721417e+00
2.152660555309719559e+00 2.122309298527361499e+00
2.152514179547627915e+00 2.181146940498641218e+00
2.152075052261352539e+00 2.239984582469920937e+00
2.151304006576538086e+00 2.298822224441201101e+00
2.151255369186401367e+00 2.357659866412480820e+00
2.151206731796264648e+00 2.416497508383760540e+00
2.150352239608764648e+00 2.475335150355040703e+00
2.150250673294067383e+00 2.534172792326320423e+00
2.149703741073608398e+00 2.593010434297600142e+00
2.149645090103149414e+00 2.651848076268880305e+00
2.149586439132690430e+00 2.710685718240160025e+00
2.149188041687011719e+00 2.769523360211439744e+00
2.148838069703843612e+00 2.828361002182719908e+00
2.148787895838419448e+00 2.887198644153999627e+00
2.148737721972995285e+00 2.946036286125279346e+00
