1.021289467811584473e+00 4.079496562480926514e-01
1.018700838088989258e+00 4.953578549718100077e-01
1.017207026481628418e+00 5.827660536955273640e-01
1.016589601834614998e+00 6.701742524192446648e-01
1.016546765963236565e+00 7.575824511429620767e-01
1.016503930091857910e+00 8.449906498666793775e-01
1.015702128410339355e+00 9.323988485903966783e-01
1.014495491981506348e+00 1.019807047314114090e+00
1.013998965422312049e+00 1.107215246037831502e+00
1.013996250572658520e+00 1.194623444761548692e+00
1.013993535723004769e+00 1.282031643485266104e+00
1.013990820873351018e+00 1.369439842208983293e+00
1.013988106023697489e+00 1.456848040932700705e+00
1.013985391174043738e+00 1.544256239656418117e+00
1.013982676324389987e+00 1.631664438380135529e+00
1.013979961474736458e+00 1.719072637103852719e+00
1.013660232226053948e+00 1.806480835827570131e+00
1.013535698254903084e+00 1.893889034551287542e+00
1.013382077217102051e+00 1.981297233275004732e+00
1.013049986627366783e+00 2.068705431998722144e+00
1.012960354487101311e+00 2.156113630722439556e+00
1.012870722346835839e+00 2.243521829446156524e+00
1.012419581413269043e+00 2.330930028169873935e+00
1.012375752131144280e+00 2.418338226893591347e+00
1.012331922849019294e+00 2.505746425617308759e+00
1.012109372926794704e+00 2.593154624341026171e+00
1.012102907354181180e+00 2.680562823064743583e+00
1.012096441781567657e+00 2.767971021788460995e+00
1.012089976208954356e+00 2.855379220512178406e+00
1.012083510636340833e+00 2.942787419235895374e+00
1.012077045063727310e+00 3.030195617959612786e+00
1.012070579491113786e+00 3.117603816683330198e+00
1.012064113918500263e+00 3.205012015407047610e+00
1.012057648345886740e+00 3.292420214130765022e+00
1.012051182773273217e+00 3.379828412854482433e+00
1.012044717200659694e+00 3.467236611578199845e+00
1.012038251628046170e+00 3.554644810301916813e+00
1.012031786055432647e+00 3.642053009025634225e+00
1.012025320482819124e+00 3.729461207749351637e+00
1.012018854910205601e+00 3.816869406473069049e+00
1.012012389337592078e+00 3.904277605196786460e+00
1.012005923764978554e+00 3.991685803920503872e+00
1.011999458192365031e+00 4.079094002644220396e+00
1.011992992619751508e+00 4.166502201367938696e+00
1.011986527047137985e+00 4.341318598815373520e+00
1.011980061474524684e+00 4.428726797539090043e+00
1.011973595901911160e+00 4.516134996262807455e+00
1.011967130329297637e+00 4.603543194986524867e+00
1.011389732360839844e+00 4.690951393710242279e+00
1.009701132774353027e+00 4.865767791157677102e+00
1.007735729217529297e+00 4.953175989881394514e+00
1.004710674285888672e+00 5.040584188605111926e+00
1.001614093780517578e+00 5.127992387328829338e+00
9.979893565177917480e-01 5.302808784776264162e+00
9.941337704658508301e-01 5.390216983499981573e+00
9.914653897285461426e-01 5.477625182223698097e+00
9.886436462402343750e-01 5.565033380947415509e+00
9.861921072006225586e-01 5.739849778394850333e+00
9.810755252838134766e-01 5.827257977118567744e+00
9.763451814651489258e-01 5.914666175842285156e+00
