1.033572105598449697e+00 4.079496562480926514e-01
1.031577257347106924e+00 4.953578549718100077e-01
1.030300168228149404e+00 5.827660536955273640e-01
1.029328135681152334e+00 6.701742524192446648e-01
1.029063848686218252e+00 7.575824511429620767e-01
1.028787163925170889e+00 8.449906498666793775e-01
1.027974752616882315e+00 9.323988485903966783e-01
1.027206567955017080e+00 1.019807047314114090e+00
1.026953935087294489e+00 1.107215246037831502e+00
1.026953609627011765e+00 1.194623444761548692e+00
1.026953284166729263e+00 1.282031643485266104e+00
1.026952958706446761e+00 1.369439842208983293e+00
1.026952633246164259e+00 1.456848040932700705e+00
1.026952307785881757e+00 1.544256239656418117e+00
1.026951982325599033e+00 1.631664438380135529e+00
1.026279834938049307e+00 1.719072637103852719e+00
1.025840659085026640e+00 1.806480835827570131e+00
1.025785762103398779e+00 1.893889034551287542e+00
1.025730865121770918e+00 1.981297233275004732e+00
1.025675968140143057e+00 2.068705431998722144e+00
1.025621071158515196e+00 2.156113630722439556e+00
1.025566174176887335e+00 2.243521829446156524e+00
1.025511277195259474e+00 2.330930028169873935e+00
1.025456380213631613e+00 2.418338226893591347e+00
1.025401483232003752e+00 2.505746425617308759e+00
1.024849588372972242e+00 2.593154624341026171e+00
1.024846422704060789e+00 2.680562823064743583e+00
1.024843257035149335e+00 2.767971021788460995e+00
1.024461654853820791e+00 2.855379220512178406e+00
1.024251727294921865e+00 2.942787419235895374e+00
1.024228759638468489e+00 3.030195617959612786e+00
1.024205791982014890e+00 3.117603816683330198e+00
1.024182824325561514e+00 3.205012015407047610e+00
1.024075157144334725e+00 3.292420214130765022e+00
1.024075138600667456e+00 3.379828412854482433e+00
1.024075120057000188e+00 3.467236611578199845e+00
1.024075101513332919e+00 3.554644810301916813e+00
1.024075082969665651e+00 3.642053009025634225e+00
1.024075064425998383e+00 3.729461207749351637e+00
1.024075045882331114e+00 3.816869406473069049e+00
1.024075027338663846e+00 3.904277605196786460e+00
1.024075008794996577e+00 3.991685803920503872e+00
1.024074990251329309e+00 4.079094002644220396e+00
1.024074971707662041e+00 4.166502201367938696e+00
1.024074953163994772e+00 4.341318598815373520e+00
1.024074934620327504e+00 4.428726797539090043e+00
1.024074916076660235e+00 4.516134996262807455e+00
1.024074897532992967e+00 4.603543194986524867e+00
1.023621348571777334e+00 4.690951393710242279e+00
1.022663621139526358e+00 4.865767791157677102e+00
1.021139649581909170e+00 4.953175989881394514e+00
1.019110349845886221e+00 5.040584188605111926e+00
1.016213802528381338e+00 5.127992387328829338e+00
1.012033847999572744e+00 5.302808784776264162e+00
1.008992461395263662e+00 5.390216983499981573e+00
1.004410235118865957e+00 5.477625182223698097e+00
1.000321237277984610e+00 5.565033380947415509e+00
9.973839799880981349e-01 5.739849778394850333e+00
9.954681078910827541e-01 5.827257977118567744e+00
9.890684167861938381e-01 5.914666175842285156e+00
