1.021556735038757324e+00 4.079496562480926514e-01
1.019008278846740723e+00 4.953578549718100077e-01
1.017568826675415039e+00 5.827660536955273640e-01
1.016465187072753906e+00 6.701742524192446648e-01
1.016442894935607910e+00 7.575824511429620767e-01
1.016333341598510742e+00 8.449906498666793775e-01
1.015423893928527832e+00 9.323988485903966783e-01
1.014274120330810547e+00 1.019807047314114090e+00
1.013785004615783691e+00 1.107215246037831502e+00
1.013676855299207924e+00 1.194623444761548692e+00
1.013655225435892593e+00 1.282031643485266104e+00
1.013633595572577484e+00 1.369439842208983293e+00
1.013611965709262375e+00 1.456848040932700705e+00
1.013590335845947266e+00 1.544256239656418117e+00
1.013568705982631935e+00 1.631664438380135529e+00
1.012712121009826660e+00 1.719072637103852719e+00
1.012037025557623870e+00 1.806480835827570131e+00
1.011964390675226699e+00 1.893889034551287542e+00
1.011891755792829528e+00 1.981297233275004732e+00
1.011819120910432579e+00 2.068705431998722144e+00
1.011746486028035408e+00 2.156113630722439556e+00
1.011673851145638237e+00 2.243521829446156524e+00
1.011601216263241287e+00 2.330930028169873935e+00
1.011528581380844116e+00 2.418338226893591347e+00
1.011455946498446945e+00 2.505746425617308759e+00
1.010874867439270020e+00 2.593154624341026171e+00
1.010869979858398438e+00 2.680562823064743583e+00
1.010865092277526855e+00 2.767971021788460995e+00
1.010444641113281250e+00 2.855379220512178406e+00
1.010265460720768393e+00 2.942787419235895374e+00
1.010261316704593959e+00 3.030195617959612786e+00
1.010257172688419525e+00 3.117603816683330198e+00
1.010253028672245090e+00 3.205012015407047610e+00
1.010248884656070656e+00 3.292420214130765022e+00
1.010244740639896222e+00 3.379828412854482433e+00
1.010240596623721787e+00 3.467236611578199845e+00
1.010236452607547353e+00 3.554644810301916813e+00
1.010232308591372918e+00 3.642053009025634225e+00
1.010228164575198262e+00 3.729461207749351637e+00
1.010224020559023828e+00 3.816869406473069049e+00
1.010219876542849393e+00 3.904277605196786460e+00
1.010215732526674959e+00 3.991685803920503872e+00
1.010211588510500524e+00 4.079094002644220396e+00
1.010207444494326090e+00 4.166502201367938696e+00
1.010203300478151656e+00 4.341318598815373520e+00
1.010199156461977221e+00 4.428726797539090043e+00
1.010195012445802787e+00 4.516134996262807455e+00
1.009730100631713867e+00 4.603543194986524867e+00
1.008337497711181641e+00 4.690951393710242279e+00
1.006369233131408691e+00 4.865767791157677102e+00
1.004461765289306641e+00 4.953175989881394514e+00
1.002448797225952148e+00 5.040584188605111926e+00
1.000202655792236328e+00 5.127992387328829338e+00
9.965492486953735352e-01 5.302808784776264162e+00
9.908249974250793457e-01 5.390216983499981573e+00
9.859860539436340332e-01 5.477625182223698097e+00
9.821796417236328125e-01 5.565033380947415509e+00
9.787617127100626258e-01 5.739849778394850333e+00
9.786548813184102746e-01 5.827257977118567744e+00
9.708737730979919434e-01 5.914666175842285156e+00
