1.108429789543151855e+00 4.100800752639770508e-01
1.106061458587646484e+00 4.505221654498388073e-01
1.102452278137207031e+00 4.909642556357005083e-01
1.100914120674133301e+00 5.314063458215623204e-01
1.098027467727661133e+00 5.718484360074239659e-01
1.095856587092081780e+00 6.122905261932857224e-01
1.095853765805562263e+00 6.527326163791474789e-01
1.093362092971801758e+00 6.931747065650091244e-01
1.091618537902832031e+00 7.336167967508708809e-01
1.088024973869323730e+00 7.740588869367326375e-01
1.081840872764587402e+00 8.145009771225943940e-01
1.077517271041870117e+00 8.549430673084561505e-01
1.073583960533142090e+00 8.953851574943179070e-01
1.069893240928649902e+00 9.358272476801796635e-01
1.064447879791259766e+00 9.762693378660413090e-01
1.059329271316528320e+00 1.016711428051903177e+00
1.057345390319824219e+00 1.057153518237764711e+00
1.054406166076660156e+00 1.097595608423626690e+00
1.051574349403381348e+00 1.138037698609488224e+00
1.049237847328186035e+00 1.178479788795349981e+00
1.047639369964599609e+00 1.218921878981211737e+00
1.046285748481750488e+00 1.259363969167073494e+00
1.045247077941894531e+00 1.299806059352935250e+00
1.044505119323730469e+00 1.340248149538797007e+00
1.043635964393615723e+00 1.380690239724658763e+00
1.042290329933166504e+00 1.421132329910520520e+00
1.040440320968627930e+00 1.461574420096382276e+00
1.038870573043823242e+00 1.542458600468105567e+00
1.038339734077453613e+00 1.582900690653967324e+00
1.036812186241149902e+00 1.623342780839829080e+00
1.035159111022949219e+00 1.663784871025690837e+00
1.032806158065795898e+00 1.704226961211552593e+00
1.030696749687194824e+00 1.744669051397414350e+00
1.028600811958312988e+00 1.785111141583276106e+00
1.027725338935852051e+00 1.865995321954999620e+00
1.026991128921508789e+00 1.906437412140861376e+00
1.023567199707031250e+00 1.946879502326722911e+00
1.023119330406188965e+00 1.987321592512584667e+00
1.021910806496937996e+00 2.068205772884308402e+00
1.021852321094936844e+00 2.108647863070169937e+00
1.021793835692935470e+00 2.149089953256031471e+00
1.021735350290934319e+00 2.229974133627755428e+00
1.020554542541503906e+00 2.270416223813616963e+00
1.018954634666442871e+00 2.310858313999478497e+00
1.017499685287475586e+00 2.391742494371202010e+00
1.016539931297302246e+00 2.432184584557063989e+00
1.016488432884216309e+00 2.513068764928787502e+00
1.015896797180175781e+00 2.553510855114649036e+00
1.015436291694641113e+00 2.593952945300510571e+00
1.014939069747924805e+00 2.674837125672234084e+00
1.013725399971008301e+00 2.715279215858096062e+00
1.013213992118835449e+00 2.796163396229819575e+00
1.012964248657226562e+00 2.836605486415681110e+00
1.012753963470458984e+00 2.917489666787404623e+00
1.009378552436828613e+00 2.957931756973266602e+00
