1.019372105598449707e+00 4.079496562480926514e-01
1.017377257347106934e+00 4.953578549718100077e-01
1.016100168228149414e+00 5.827660536955273640e-01
1.015128135681152344e+00 6.701742524192446648e-01
1.014863848686218262e+00 7.575824511429620767e-01
1.014587163925170898e+00 8.449906498666793775e-01
1.013774752616882324e+00 9.323988485903966783e-01
1.013006567955017090e+00 1.019807047314114090e+00
1.012753935087294499e+00 1.107215246037831502e+00
1.012753609627011775e+00 1.194623444761548692e+00
1.012753284166729273e+00 1.282031643485266104e+00
1.012752958706446771e+00 1.369439842208983293e+00
1.012752633246164269e+00 1.456848040932700705e+00
1.012752307785881767e+00 1.544256239656418117e+00
1.012751982325599043e+00 1.631664438380135529e+00
1.012079834938049316e+00 1.719072637103852719e+00
1.011640659085026650e+00 1.806480835827570131e+00
1.011585762103398789e+00 1.893889034551287542e+00
1.011530865121770928e+00 1.981297233275004732e+00
1.011475968140143067e+00 2.068705431998722144e+00
1.011421071158515206e+00 2.156113630722439556e+00
1.011366174176887345e+00 2.243521829446156524e+00
1.011311277195259484e+00 2.330930028169873935e+00
1.011256380213631623e+00 2.418338226893591347e+00
1.011201483232003762e+00 2.505746425617308759e+00
1.010649588372972252e+00 2.593154624341026171e+00
1.010646422704060798e+00 2.680562823064743583e+00
1.010643257035149345e+00 2.767971021788460995e+00
1.010261654853820801e+00 2.855379220512178406e+00
1.010051727294921875e+00 2.942787419235895374e+00
1.010028759638468498e+00 3.030195617959612786e+00
1.010005791982014900e+00 3.117603816683330198e+00
1.009982824325561523e+00 3.205012015407047610e+00
1.009875157144334734e+00 3.292420214130765022e+00
1.009875138600667466e+00 3.379828412854482433e+00
1.009875120057000197e+00 3.467236611578199845e+00
1.009875101513332929e+00 3.554644810301916813e+00
1.009875082969665661e+00 3.642053009025634225e+00
1.009875064425998392e+00 3.729461207749351637e+00
1.009875045882331124e+00 3.816869406473069049e+00
1.009875027338663855e+00 3.904277605196786460e+00
1.009875008794996587e+00 3.991685803920503872e+00
1.009874990251329319e+00 4.079094002644220396e+00
1.009874971707662050e+00 4.166502201367938696e+00
1.009874953163994782e+00 4.341318598815373520e+00
1.009874934620327513e+00 4.428726797539090043e+00
1.009874916076660245e+00 4.516134996262807455e+00
1.009874897532992977e+00 4.603543194986524867e+00
1.009421348571777344e+00 4.690951393710242279e+00
1.008463621139526367e+00 4.865767791157677102e+00
1.006939649581909180e+00 4.953175989881394514e+00
1.004910349845886230e+00 5.040584188605111926e+00
1.002013802528381348e+00 5.127992387328829338e+00
9.978338479995727539e-01 5.302808784776264162e+00
9.947924613952636719e-01 5.390216983499981573e+00
9.902102351188659668e-01 5.477625182223698097e+00
9.861212372779846191e-01 5.565033380947415509e+00
9.831839799880981445e-01 5.739849778394850333e+00
9.812681078910827637e-01 5.827257977118567744e+00
9.748684167861938477e-01 5.914666175842285156e+00
