1.039896965026855469e+00 4.014006853103637695e-01
1.038903474807739258e+00 4.884091066935705716e-01
1.037649750709533691e+00 5.754175280767773737e-01
1.035192966461181641e+00 6.624259494599842313e-01
1.033829212188720703e+00 7.494343708431909779e-01
1.033519506454467773e+00 8.364427922263977244e-01
1.033152341842651367e+00 9.234512136096045820e-01
1.031804919242858887e+00 1.010459634992811440e+00
1.030944705009460449e+00 1.097468056376018186e+00
1.029435038566589355e+00 1.184476477759224933e+00
1.028677088873726886e+00 1.271484899142431679e+00
1.028506176812308270e+00 1.358493320525638648e+00
1.028392905280703706e+00 1.445501741908845394e+00
1.028373691770765541e+00 1.532510163292052141e+00
1.028354478260827598e+00 1.619518584675259110e+00
1.028335264750889433e+00 1.706527006058465856e+00
1.028316051240951268e+00 1.793535427441672603e+00
1.028296837731013325e+00 1.880543848824879349e+00
1.028277624221075159e+00 1.967552270208086096e+00
1.027895689010620117e+00 2.054560691591293065e+00
1.027666687965393066e+00 2.141569112974499589e+00
1.027374029159545898e+00 2.228577534357706558e+00
1.025112032890319824e+00 2.315585955740913526e+00
1.022558093070983887e+00 2.402594377124120051e+00
1.021040797233581543e+00 2.489602798507327019e+00
1.019504547119140625e+00 2.576611219890533988e+00
1.017985939979553223e+00 2.663619641273740513e+00
1.016244292259216309e+00 2.750628062656947481e+00
1.014781475067138672e+00 2.837636484040154450e+00
1.012868046760559082e+00 2.924644905423360974e+00
1.012036323547363281e+00 3.011653326806567943e+00
1.011384606361389160e+00 3.098661748189774467e+00
1.010862231254577637e+00 3.185670169572981436e+00
1.010594606399536133e+00 3.272678590956188405e+00
1.009435772895812988e+00 3.359687012339394929e+00
1.008202791213989258e+00 3.446695433722601898e+00
1.007675886154174805e+00 3.533703855105808422e+00
1.006047964096069336e+00 3.620712276489015391e+00
1.005567749341328865e+00 3.707720697872222360e+00
1.005359212557474846e+00 3.794729119255428884e+00
1.002879500389099121e+00 3.881737540638635853e+00
1.001534342765808105e+00 3.968745962021842821e+00
1.000524997711181641e+00 4.055754383405049346e+00
1.000522971153259277e+00 4.142762804788256759e+00
1.000323249234093437e+00 4.229771226171463283e+00
1.000283102194468032e+00 4.316779647554669808e+00
1.000242955154842628e+00 4.403788068937876332e+00
1.000202808115217445e+00 4.490796490321083745e+00
1.000162661075592041e+00 4.577804911704290269e+00
1.000122514035966637e+00 4.664813333087496794e+00
9.987432837486266424e-01 4.751821754470704207e+00
9.986525774002075195e-01 4.838830175853910731e+00
9.985618710517882857e-01 4.925838597237117256e+00
9.984711647033690518e-01 5.012847018620324668e+00
9.983804583549499290e-01 5.099855440003531193e+00
9.944892843564351326e-01 5.186863861386737717e+00
9.944519201914470141e-01 5.273872282769945130e+00
9.944145560264587846e-01 5.360880704153151655e+00
9.943771918614705552e-01 5.447889125536358179e+00
9.943398276964824367e-01 5.534897546919564704e+00
9.911649425824483606e-01 5.621905968302772116e+00
9.898085991541544226e-01 5.708914389685978641e+00
9.884522557258605957e-01 5.795922811069185165e+00
9.858039021492004395e-01 5.882931232452392578e+00
