1.029738811683654776e+00 4.079496562480926514e-01
1.028054503631591787e+00 4.953578549718100077e-01
1.026415733528137197e+00 5.827660536955273640e-01
1.025762347412109365e+00 6.701742524192446648e-01
1.025286940765380850e+00 7.575824511429620767e-01
1.024645356369018545e+00 8.449906498666793775e-01
1.023961452674865713e+00 9.323988485903966783e-01
1.023009089660644522e+00 1.019807047314114090e+00
1.022938517761230459e+00 1.107215246037831502e+00
1.022702973450554831e+00 1.194623444761548692e+00
1.022677902412414630e+00 1.282031643485266104e+00
1.022652831374274429e+00 1.369439842208983293e+00
1.022627760336134228e+00 1.456848040932700705e+00
1.022602689297994027e+00 1.544256239656418117e+00
1.022577618259853827e+00 1.631664438380135529e+00
1.020868501430087560e+00 1.719072637103852719e+00
1.020839679272969480e+00 1.806480835827570131e+00
1.020810857115851400e+00 1.893889034551287542e+00
1.019702700805664053e+00 1.981297233275004732e+00
1.018839983177185049e+00 2.068705431998722144e+00
1.018822817039489737e+00 2.156113630722439556e+00
1.018805650901794424e+00 2.243521829446156524e+00
1.017821339797973623e+00 2.330930028169873935e+00
1.017524190775553450e+00 2.418338226893591347e+00
1.017489659818013426e+00 2.505746425617308759e+00
1.015799311828613272e+00 2.593154624341026171e+00
1.014891413879394522e+00 2.680562823064743583e+00
1.014361409378051748e+00 2.767971021788460995e+00
1.013334421348571768e+00 2.855379220512178406e+00
1.012778965663909903e+00 2.942787419235895374e+00
1.012762607500288237e+00 3.030195617959612786e+00
1.012754428418477515e+00 3.117603816683330198e+00
1.012746249336666571e+00 3.205012015407047610e+00
1.012625602912902822e+00 3.292420214130765022e+00
1.011486021709442129e+00 3.379828412854482433e+00
1.010186580848693838e+00 3.467236611578199845e+00
1.009063033294677725e+00 3.554644810301916813e+00
1.008695749473571768e+00 3.642053009025634225e+00
1.007631866168975820e+00 3.729461207749351637e+00
1.006101218891143789e+00 3.816869406473069049e+00
1.004588393402099600e+00 3.904277605196786460e+00
1.003326563072204580e+00 3.991685803920503872e+00
1.002241222095489492e+00 4.079094002644220396e+00
1.000653175544738760e+00 4.166502201367938696e+00
1.000091878604888906e+00 4.341318598815373520e+00
9.990594069480895900e-01 4.428726797539090043e+00
9.980666319847106838e-01 4.516134996262807455e+00
9.971053282737731838e-01 4.603543194986524867e+00
9.958648364067077541e-01 4.690951393710242279e+00
9.950431267738342189e-01 4.865767791157677102e+00
9.935930649757385158e-01 4.953175989881394514e+00
9.916197936058044338e-01 5.040584188605111926e+00
9.898643772125244045e-01 5.127992387328829338e+00
9.881236235618591213e-01 5.302808784776264162e+00
9.881218155543008974e-01 5.390216983499981573e+00
9.881200075467427846e-01 5.477625182223698097e+00
9.870586673736572170e-01 5.565033380947415509e+00
9.857101718902587795e-01 5.739849778394850333e+00
9.838558713912963771e-01 5.827257977118567744e+00
9.796300212860107326e-01 5.914666175842285156e+00
