1.015538811683654785e+00 4.079496562480926514e-01
1.013854503631591797e+00 4.953578549718100077e-01
1.012215733528137207e+00 5.827660536955273640e-01
1.011562347412109375e+00 6.701742524192446648e-01
1.011086940765380859e+00 7.575824511429620767e-01
1.010445356369018555e+00 8.449906498666793775e-01
1.009761452674865723e+00 9.323988485903966783e-01
1.008809089660644531e+00 1.019807047314114090e+00
1.008738517761230469e+00 1.107215246037831502e+00
1.008502973450554840e+00 1.194623444761548692e+00
1.008477902412414640e+00 1.282031643485266104e+00
1.008452831374274439e+00 1.369439842208983293e+00
1.008427760336134238e+00 1.456848040932700705e+00
1.008402689297994037e+00 1.544256239656418117e+00
1.008377618259853836e+00 1.631664438380135529e+00
1.006668501430087570e+00 1.719072637103852719e+00
1.006639679272969490e+00 1.806480835827570131e+00
1.006610857115851410e+00 1.893889034551287542e+00
1.005502700805664062e+00 1.981297233275004732e+00
1.004639983177185059e+00 2.068705431998722144e+00
1.004622817039489746e+00 2.156113630722439556e+00
1.004605650901794434e+00 2.243521829446156524e+00
1.003621339797973633e+00 2.330930028169873935e+00
1.003324190775553459e+00 2.418338226893591347e+00
1.003289659818013435e+00 2.505746425617308759e+00
1.001599311828613281e+00 2.593154624341026171e+00
1.000691413879394531e+00 2.680562823064743583e+00
1.000161409378051758e+00 2.767971021788460995e+00
9.991344213485717773e-01 2.855379220512178406e+00
9.985789656639099121e-01 2.942787419235895374e+00
9.985626075002882462e-01 3.030195617959612786e+00
9.985544284184774133e-01 3.117603816683330198e+00
9.985462493366665804e-01 3.205012015407047610e+00
9.984256029129028320e-01 3.292420214130765022e+00
9.972860217094421387e-01 3.379828412854482433e+00
9.959865808486938477e-01 3.467236611578199845e+00
9.948630332946777344e-01 3.554644810301916813e+00
9.944957494735717773e-01 3.642053009025634225e+00
9.934318661689758301e-01 3.729461207749351637e+00
9.919012188911437988e-01 3.816869406473069049e+00
9.903883934020996094e-01 3.904277605196786460e+00
9.891265630722045898e-01 3.991685803920503872e+00
9.880412220954895020e-01 4.079094002644220396e+00
9.864531755447387695e-01 4.166502201367938696e+00
9.858918786048889160e-01 4.341318598815373520e+00
9.848594069480895996e-01 4.428726797539090043e+00
9.838666319847106934e-01 4.516134996262807455e+00
9.829053282737731934e-01 4.603543194986524867e+00
9.816648364067077637e-01 4.690951393710242279e+00
9.808431267738342285e-01 4.865767791157677102e+00
9.793930649757385254e-01 4.953175989881394514e+00
9.774197936058044434e-01 5.040584188605111926e+00
9.756643772125244141e-01 5.127992387328829338e+00
9.739236235618591309e-01 5.302808784776264162e+00
9.739218155543009070e-01 5.390216983499981573e+00
9.739200075467427942e-01 5.477625182223698097e+00
9.728586673736572266e-01 5.565033380947415509e+00
9.715101718902587891e-01 5.739849778394850333e+00
9.696558713912963867e-01 5.827257977118567744e+00
9.654300212860107422e-01 5.914666175842285156e+00
