1.096626162528991699e+00 4.100800752639770508e-01
1.094781756401062012e+00 4.505221654498388073e-01
1.091889858245849609e+00 4.909642556357005083e-01
1.091298222541809082e+00 5.314063458215623204e-01
1.088994264602661133e+00 5.718484360074239659e-01
1.086463689804077148e+00 6.122905261932857224e-01
1.085196495056152344e+00 6.527326163791474789e-01
1.082537889480590820e+00 6.931747065650091244e-01
1.079565405845642090e+00 7.336167967508708809e-01
1.075130939483642578e+00 7.740588869367326375e-01
1.069950699806213379e+00 8.145009771225943940e-01
1.066428184509277344e+00 8.549430673084561505e-01
1.063496589660644531e+00 8.953851574943179070e-01
1.060493588447570801e+00 9.358272476801796635e-01
1.055622935295104980e+00 9.762693378660413090e-01
1.051779031753540039e+00 1.016711428051903177e+00
1.050159931182861328e+00 1.057153518237764711e+00
1.048051834106445312e+00 1.097595608423626690e+00
1.045492768287658691e+00 1.138037698609488224e+00
1.043305635452270508e+00 1.178479788795349981e+00
1.042059659957885742e+00 1.218921878981211737e+00
1.041351437568664551e+00 1.259363969167073494e+00
1.040256500244140625e+00 1.299806059352935250e+00
1.040019273757934570e+00 1.340248149538797007e+00
1.038920760154724121e+00 1.380690239724658763e+00
1.037140488624572754e+00 1.421132329910520520e+00
1.035106062889099121e+00 1.461574420096382276e+00
1.034375786781311035e+00 1.542458600468105567e+00
1.033936738967895508e+00 1.582900690653967324e+00
1.032850424448649163e+00 1.623342780839829080e+00
1.032637914021809822e+00 1.663784871025690837e+00
1.031785011291503906e+00 1.704226961211552593e+00
1.029871463775634766e+00 1.744669051397414350e+00
1.028227686882019043e+00 1.785111141583276106e+00
1.026784896850585938e+00 1.865995321954999620e+00
1.025046944618225098e+00 1.906437412140861376e+00
1.023824453353881836e+00 1.946879502326722911e+00
1.022693276405334473e+00 1.987321592512584667e+00
1.021571040153503418e+00 2.068205772884308402e+00
1.020665049552917480e+00 2.108647863070169937e+00
1.020218849182128906e+00 2.149089953256031471e+00
1.019430637359619141e+00 2.229974133627755428e+00
1.018555998802185059e+00 2.270416223813616963e+00
1.017659306526184082e+00 2.310858313999478497e+00
1.016356825828552246e+00 2.391742494371202010e+00
1.016103148460388184e+00 2.432184584557063989e+00
1.016085743904113770e+00 2.513068764928787502e+00
1.015911936759948730e+00 2.553510855114649036e+00
1.014825224876403809e+00 2.593952945300510571e+00
1.013846993446350098e+00 2.674837125672234084e+00
1.012920975685119629e+00 2.715279215858096062e+00
1.011686205863952637e+00 2.796163396229819575e+00
1.009053111076354980e+00 2.836605486415681110e+00
1.006840705871582031e+00 2.917489666787404623e+00
1.005023598670959473e+00 2.957931756973266602e+00
