1.026262998580932617e+00 4.014006853103637695e-01
1.025233268737792969e+00 4.884091066935705716e-01
1.023933291435241699e+00 5.754175280767773737e-01
1.021378278732299805e+00 6.624259494599842313e-01
1.019957780838012695e+00 7.494343708431909779e-01
1.019632577896118164e+00 8.364427922263977244e-01
1.019249677658081055e+00 9.234512136096045820e-01
1.017849206924438477e+00 1.010459634992811440e+00
1.016957521438598633e+00 1.097468056376018186e+00
1.015392184257507324e+00 1.184476477759224933e+00
1.014606492859976727e+00 1.271484899142431679e+00
1.014429075377327960e+00 1.358493320525638648e+00
1.014311597460792136e+00 1.445501741908845394e+00
1.014291617605421303e+00 1.532510163292052141e+00
1.014271637750050248e+00 1.619518584675259110e+00
1.014251657894679415e+00 1.706527006058465856e+00
1.014231678039308582e+00 1.793535427441672603e+00
1.014211698183937527e+00 1.880543848824879349e+00
1.014191718328566694e+00 1.967552270208086096e+00
1.013795852661132812e+00 2.054560691591293065e+00
1.013558506965637207e+00 2.141569112974499589e+00
1.013256192207336426e+00 2.228577534357706558e+00
1.010905146598815918e+00 2.315585955740913526e+00
1.008254408836364746e+00 2.402594377124120051e+00
1.006690144538879395e+00 2.489602798507327019e+00
1.005086660385131836e+00 2.576611219890533988e+00
1.003513574600219727e+00 2.663619641273740513e+00
1.001701831817626953e+00 2.750628062656947481e+00
1.000190496444702148e+00 2.837636484040154450e+00
9.982178807258605957e-01 2.924644905423360974e+00
9.973611235618591309e-01 3.011653326806567943e+00
9.966772794723510742e-01 3.098661748189774467e+00
9.961541295051574707e-01 3.185670169572981436e+00
9.958864450454711914e-01 3.272678590956188405e+00
9.946838617324829102e-01 3.359687012339394929e+00
9.934004545211791992e-01 3.446695433722601898e+00
9.928467869758605957e-01 3.533703855105808422e+00
9.911750555038452148e-01 3.620712276489015391e+00
9.909307029512193221e-01 3.707720697872222360e+00
9.908818324406941658e-01 3.794729119255428884e+00
9.908329619301690094e-01 3.881737540638635853e+00
9.907840914196437421e-01 3.968745962021842821e+00
9.907352209091185857e-01 4.055754383405049346e+00
9.906863503985934294e-01 4.142762804788256759e+00
9.884230693181356164e-01 4.229771226171463283e+00
9.883139252662658247e-01 4.316779647554669808e+00
9.882047812143961441e-01 4.403788068937876332e+00
9.880956371625264634e-01 4.490796490321083745e+00
9.879864931106567827e-01 4.577804911704290269e+00
9.878773490587869910e-01 4.664813333087496794e+00
9.853772203127543206e-01 4.751821754470704207e+00
9.850709040959675367e-01 4.838830175853910731e+00
9.847645878791808638e-01 4.925838597237117256e+00
9.844582716623941909e-01 5.012847018620324668e+00
9.841519554456074070e-01 5.099855440003531193e+00
9.814060529073079797e-01 5.186863861386737717e+00
9.812949101130167273e-01 5.273872282769945130e+00
9.811837673187255859e-01 5.360880704153151655e+00
9.810726245244344446e-01 5.447889125536358179e+00
9.809614817301431922e-01 5.534897546919564704e+00
9.772576987743377686e-01 5.621905968302772116e+00
9.770743648211160925e-01 5.708914389685978641e+00
9.768910308678945276e-01 5.795922811069185165e+00
9.767076969146728516e-01 5.882931232452392578e+00
