1.077638983726501465e+00 4.100800752639770508e-01
1.075374245643615723e+00 4.505221654498388073e-01
1.071555852890014648e+00 4.909642556357005083e-01
1.068969130516052246e+00 5.314063458215623204e-01
1.066042542457580566e+00 5.718484360074239659e-01
1.062784910202026367e+00 6.122905261932857224e-01
1.061822652816772461e+00 6.527326163791474789e-01
1.059599518775939941e+00 6.931747065650091244e-01
1.057444691658020020e+00 7.336167967508708809e-01
1.052800297737121582e+00 7.740588869367326375e-01
1.046567678451538086e+00 8.145009771225943940e-01
1.041694283485412598e+00 8.549430673084561505e-01
1.037398338317871094e+00 8.953851574943179070e-01
1.033595800399780273e+00 9.358272476801796635e-01
1.028225302696228027e+00 9.762693378660413090e-01
1.023795366287231445e+00 1.016711428051903177e+00
1.021834969520568848e+00 1.057153518237764711e+00
1.019492745399475098e+00 1.097595608423626690e+00
1.016556024551391602e+00 1.138037698609488224e+00
1.014231920242309570e+00 1.178479788795349981e+00
1.012836098670959473e+00 1.218921878981211737e+00
1.012465238571166992e+00 1.259363969167073494e+00
1.009531974792480469e+00 1.299806059352935250e+00
1.007448196411132812e+00 1.340248149538797007e+00
1.005278468132019043e+00 1.380690239724658763e+00
1.003500103950500488e+00 1.421132329910520520e+00
1.002792716026306152e+00 1.461574420096382276e+00
1.002783060073852539e+00 1.542458600468105567e+00
1.002773404121398926e+00 1.582900690653967324e+00
1.002763748168945312e+00 1.623342780839829080e+00
1.001490950584411621e+00 1.663784871025690837e+00
1.000491738319396973e+00 1.704226961211552593e+00
9.995402693748474121e-01 1.744669051397414350e+00
9.985015392303466797e-01 1.785111141583276106e+00
9.973388512929280969e-01 1.865995321954999620e+00
9.973296920458475379e-01 1.906437412140861376e+00
9.967660307884216309e-01 1.946879502326722911e+00
9.961300293604532508e-01 1.987321592512584667e+00
9.960770640108320695e-01 2.068205772884308402e+00
9.960240986612107772e-01 2.108647863070169937e+00
9.959711333115895959e-01 2.149089953256031471e+00
9.958118796348571777e-01 2.229974133627755428e+00
9.955016970634460449e-01 2.270416223813616963e+00
9.951718846956888465e-01 2.310858313999478497e+00
9.951711893081665039e-01 2.391742494371202010e+00
9.951704939206441614e-01 2.432184584557063989e+00
9.951697985331217078e-01 2.513068764928787502e+00
9.951695667372809639e-01 2.553510855114649036e+00
9.951693349414401091e-01 2.593952945300510571e+00
9.951691031455993652e-01 2.674837125672234084e+00
9.951688713497586214e-01 2.715279215858096062e+00
9.951686395539177665e-01 2.796163396229819575e+00
9.951684077580770227e-01 2.836605486415681110e+00
9.951579570770263672e-01 2.917489666787404623e+00
9.933965206146240234e-01 2.957931756973266602e+00
