1.098910331726074219e+00 4.100800752639770508e-01
1.096511840820312500e+00 4.505221654498388073e-01
1.092861175537109375e+00 4.909642556357005083e-01
1.091299533843994141e+00 5.314063458215623204e-01
1.088373064994812012e+00 5.718484360074239659e-01
1.086170911788940430e+00 6.122905261932857224e-01
1.086168050765991211e+00 6.527326163791474789e-01
1.083643436431884766e+00 6.931747065650091244e-01
1.081876993179321289e+00 7.336167967508708809e-01
1.078232765197753906e+00 7.740588869367326375e-01
1.071965575218200684e+00 8.145009771225943940e-01
1.067589163780212402e+00 8.549430673084561505e-01
1.063609242439270020e+00 8.953851574943179070e-01
1.059872388839721680e+00 9.358272476801796635e-01
1.054363012313842773e+00 9.762693378660413090e-01
1.049160838127136230e+00 1.016711428051903177e+00
1.047141194343566895e+00 1.057153518237764711e+00
1.044152855873107910e+00 1.097595608423626690e+00
1.041283845901489258e+00 1.138037698609488224e+00
1.038915276527404785e+00 1.178479788795349981e+00
1.037290930747985840e+00 1.218921878981211737e+00
1.035914540290832520e+00 1.259363969167073494e+00
1.034865856170654297e+00 1.299806059352935250e+00
1.034113407135009766e+00 1.340248149538797007e+00
1.033230781555175781e+00 1.380690239724658763e+00
1.031861782073974609e+00 1.421132329910520520e+00
1.029987454414367676e+00 1.461574420096382276e+00
1.028397321701049805e+00 1.542458600468105567e+00
1.027853727340698242e+00 1.582900690653967324e+00
1.026299118995666504e+00 1.623342780839829080e+00
1.024622201919555664e+00 1.663784871025690837e+00
1.022237658500671387e+00 1.704226961211552593e+00
1.020082592964172363e+00 1.744669051397414350e+00
1.017953157424926758e+00 1.785111141583276106e+00
1.017064094543457031e+00 1.865995321954999620e+00
1.014528989791870117e+00 1.906437412140861376e+00
1.012842297554016113e+00 1.946879502326722911e+00
1.011112054189046594e+00 1.987321592512584667e+00
1.011067191759745576e+00 2.068205772884308402e+00
1.011022329330444558e+00 2.108647863070169937e+00
1.010977466901143540e+00 2.149089953256031471e+00
1.010932604471842522e+00 2.229974133627755428e+00
1.009802103042602539e+00 2.270416223813616963e+00
1.008178353309631348e+00 2.310858313999478497e+00
1.006701827049255371e+00 2.391742494371202010e+00
1.005727648735046387e+00 2.432184584557063989e+00
1.005657434463500977e+00 2.513068764928787502e+00
1.003743410110473633e+00 2.553510855114649036e+00
1.003327012062072754e+00 2.593952945300510571e+00
1.002848267555236816e+00 2.674837125672234084e+00
1.001607775688171387e+00 2.715279215858096062e+00
1.001155614852905273e+00 2.796163396229819575e+00
1.000935077667236328e+00 2.836605486415681110e+00
1.000770092010498047e+00 2.917489666787404623e+00
9.974367022514343262e-01 2.957931756973266602e+00
