1.087487459182739258e+00 4.100800752639770508e-01
1.085618019104003906e+00 4.505221654498388073e-01
1.082689881324768066e+00 4.909642556357005083e-01
1.082088232040405273e+00 5.314063458215623204e-01
1.079753398895263672e+00 5.718484360074239659e-01
1.077190756797790527e+00 6.122905261932857224e-01
1.075907349586486816e+00 6.527326163791474789e-01
1.073213458061218262e+00 6.931747065650091244e-01
1.070206403732299805e+00 7.336167967508708809e-01
1.065721869468688965e+00 7.740588869367326375e-01
1.060478687286376953e+00 8.145009771225943940e-01
1.056918025016784668e+00 8.549430673084561505e-01
1.053948879241943359e+00 8.953851574943179070e-01
1.050898551940917969e+00 9.358272476801796635e-01
1.045965552330017090e+00 9.762693378660413090e-01
1.042066454887390137e+00 1.016711428051903177e+00
1.040427327156066895e+00 1.057153518237764711e+00
1.038273811340332031e+00 1.097595608423626690e+00
1.035681486129760742e+00 1.138037698609488224e+00
1.033452868461608887e+00 1.178479788795349981e+00
1.032188415527343750e+00 1.218921878981211737e+00
1.031470775604248047e+00 1.259363969167073494e+00
1.030357122421264648e+00 1.299806059352935250e+00
1.030116081237792969e+00 1.340248149538797007e+00
1.029005408287048340e+00 1.380690239724658763e+00
1.027199745178222656e+00 1.421132329910520520e+00
1.025135993957519531e+00 1.461574420096382276e+00
1.024395227432250977e+00 1.542458600468105567e+00
1.024196624755859375e+00 1.582900690653967324e+00
1.024073243141174316e+00 1.623342780839829080e+00
1.023065209388732910e+00 1.663784871025690837e+00
1.021769642829895020e+00 1.704226961211552593e+00
1.019827365875244141e+00 1.744669051397414350e+00
1.018158316612243652e+00 1.785111141583276106e+00
1.016694426536560059e+00 1.865995321954999620e+00
1.014930605888366699e+00 1.906437412140861376e+00
1.013692021369934082e+00 1.946879502326722911e+00
1.012539386749267578e+00 1.987321592512584667e+00
1.011400938034057617e+00 2.068205772884308402e+00
1.010481834411621094e+00 2.108647863070169937e+00
1.010029196739196777e+00 2.149089953256031471e+00
1.009229421615600586e+00 2.229974133627755428e+00
1.008341908454895020e+00 2.270416223813616963e+00
1.007432103157043457e+00 2.310858313999478497e+00
1.006110072135925293e+00 2.391742494371202010e+00
1.005852818489074707e+00 2.432184584557063989e+00
1.005835175514221191e+00 2.513068764928787502e+00
1.005646705627441406e+00 2.553510855114649036e+00
1.004543662071228027e+00 2.593952945300510571e+00
1.003552436828613281e+00 2.674837125672234084e+00
1.002599239349365234e+00 2.715279215858096062e+00
1.002447485923767090e+00 2.796163396229819575e+00
1.000039557615916008e+00 2.836605486415681110e+00
9.999436934789022180e-01 2.917489666787404623e+00
9.968512654304504395e-01 2.957931756973266602e+00
