1.119623541831970215e+00 4.100800752639770508e-01
1.117695212364196777e+00 4.505221654498388073e-01
1.114691019058227539e+00 4.909642556357005083e-01
1.113872408866882324e+00 5.314063458215623204e-01
1.111109972000122070e+00 5.718484360074239659e-01
1.108845353126525879e+00 6.122905261932857224e-01
1.108805537223815918e+00 6.527326163791474789e-01
1.105774402618408203e+00 6.931747065650091244e-01
1.103381991386413574e+00 7.336167967508708809e-01
1.099531888961791992e+00 7.740588869367326375e-01
1.094029903411865234e+00 8.145009771225943940e-01
1.090535521507263184e+00 8.549430673084561505e-01
1.087103724479675293e+00 8.953851574943179070e-01
1.083248019218444824e+00 9.358272476801796635e-01
1.076819300651550293e+00 9.762693378660413090e-01
1.071422815322875977e+00 1.016711428051903177e+00
1.068888783454895020e+00 1.057153518237764711e+00
1.066192984580993652e+00 1.097595608423626690e+00
1.063331007957458496e+00 1.138037698609488224e+00
1.061458349227905273e+00 1.178479788795349981e+00
1.060658216476440430e+00 1.218921878981211737e+00
1.059469580650329590e+00 1.259363969167073494e+00
1.057821750640869141e+00 1.299806059352935250e+00
1.057769298553466797e+00 1.340248149538797007e+00
1.057566285133361816e+00 1.380690239724658763e+00
1.055215120315551758e+00 1.421132329910520520e+00
1.053364872932434082e+00 1.461574420096382276e+00
1.052916089693705315e+00 1.542458600468105567e+00
1.052910526593526130e+00 1.582900690653967324e+00
1.052320122718811035e+00 1.623342780839829080e+00
1.050820708274841309e+00 1.663784871025690837e+00
1.049566149711608887e+00 1.704226961211552593e+00
1.048333525657653809e+00 1.744669051397414350e+00
1.046300530433654785e+00 1.785111141583276106e+00
1.044244289398193359e+00 1.865995321954999620e+00
1.041943192481994629e+00 1.906437412140861376e+00
1.040801763534545898e+00 1.946879502326722911e+00
1.040792346000671387e+00 1.987321592512584667e+00
1.040782928466796875e+00 2.068205772884308402e+00
1.040773510932922363e+00 2.108647863070169937e+00
1.040745258331298828e+00 2.149089953256031471e+00
1.040396571159362793e+00 2.229974133627755428e+00
1.039643168449401855e+00 2.270416223813616963e+00
1.039044260978698730e+00 2.310858313999478497e+00
1.038173556327819824e+00 2.391742494371202010e+00
1.037002801895141602e+00 2.432184584557063989e+00
1.035501003265380859e+00 2.513068764928787502e+00
1.033678174018859863e+00 2.553510855114649036e+00
1.032065153121948242e+00 2.593952945300510571e+00
1.030552387237548828e+00 2.674837125672234084e+00
1.029430866241455078e+00 2.715279215858096062e+00
1.028683423995971680e+00 2.796163396229819575e+00
1.026523947715759277e+00 2.836605486415681110e+00
1.023840904235839844e+00 2.917489666787404623e+00
1.020457386970520020e+00 2.957931756973266602e+00
