1.132617354393005371e+00 4.100800752639770508e-01
1.131194114685058594e+00 4.505221654498388073e-01
1.129134178161621094e+00 4.909642556357005083e-01
1.128569602966308594e+00 5.314063458215623204e-01
1.126412391662597656e+00 5.718484360074239659e-01
1.124856313069661384e+00 6.122905261932857224e-01
1.124524275461832756e+00 6.527326163791474789e-01
1.122274160385131836e+00 6.931747065650091244e-01
1.119798183441162109e+00 7.336167967508708809e-01
1.115969538688659668e+00 7.740588869367326375e-01
1.110635995864868164e+00 8.145009771225943940e-01
1.106912136077880859e+00 8.549430673084561505e-01
1.103614807128906250e+00 8.953851574943179070e-01
1.100027084350585938e+00 9.358272476801796635e-01
1.094794392585754395e+00 9.762693378660413090e-01
1.090842247009277344e+00 1.016711428051903177e+00
1.088900566101074219e+00 1.057153518237764711e+00
1.086809396743774414e+00 1.097595608423626690e+00
1.084243178367614746e+00 1.138037698609488224e+00
1.081750392913818359e+00 1.178479788795349981e+00
1.080784797668457031e+00 1.218921878981211737e+00
1.079545736312866211e+00 1.259363969167073494e+00
1.077025890350341797e+00 1.299806059352935250e+00
1.075203657150268555e+00 1.340248149538797007e+00
1.073983192443847656e+00 1.380690239724658763e+00
1.071247696876525879e+00 1.421132329910520520e+00
1.069210052490234375e+00 1.461574420096382276e+00
1.068092942237854004e+00 1.542458600468105567e+00
1.067270874977111816e+00 1.582900690653967324e+00
1.066237092018127441e+00 1.623342780839829080e+00
1.064952254295349121e+00 1.663784871025690837e+00
1.063187599182128906e+00 1.704226961211552593e+00
1.060976982116699219e+00 1.744669051397414350e+00
1.059226512908935547e+00 1.785111141583276106e+00
1.057970643043518066e+00 1.865995321954999620e+00
1.057073950767517090e+00 1.906437412140861376e+00
1.056112302674187431e+00 1.946879502326722911e+00
1.056101997693379646e+00 1.987321592512584667e+00
1.056091692712571861e+00 2.068205772884308402e+00
1.055604100227355957e+00 2.108647863070169937e+00
1.054852485656738281e+00 2.149089953256031471e+00
1.053798794746398926e+00 2.229974133627755428e+00
1.051991462707519531e+00 2.270416223813616963e+00
1.049660682678222656e+00 2.310858313999478497e+00
1.048422932624816895e+00 2.391742494371202010e+00
1.047757029533386230e+00 2.432184584557063989e+00
1.046350359916687012e+00 2.513068764928787502e+00
1.044968128204345703e+00 2.553510855114649036e+00
1.044287681579589844e+00 2.593952945300510571e+00
1.043828368186950684e+00 2.674837125672234084e+00
1.043189644813537598e+00 2.715279215858096062e+00
1.041770696640014648e+00 2.796163396229819575e+00
1.040441870689392090e+00 2.836605486415681110e+00
1.038850307464599609e+00 2.917489666787404623e+00
1.035573959350585938e+00 2.957931756973266602e+00
