1.128710985183715820e+00 4.100800752639770508e-01
1.126808047294616699e+00 4.505221654498388073e-01
1.123846411705017090e+00 4.909642556357005083e-01
1.123040556907653809e+00 5.314063458215623204e-01
1.120314240455627441e+00 5.718484360074239659e-01
1.118081053098042732e+00 6.122905261932857224e-01
1.118041912714640373e+00 6.527326163791474789e-01
1.115054965019226074e+00 6.931747065650091244e-01
1.112695217132568359e+00 7.336167967508708809e-01
1.108897328376770020e+00 7.740588869367326375e-01
1.103468060493469238e+00 8.145009771225943940e-01
1.100017666816711426e+00 8.549430673084561505e-01
1.096629261970520020e+00 8.953851574943179070e-01
1.092822670936584473e+00 9.358272476801796635e-01
1.086469531059265137e+00 9.762693378660413090e-01
1.081131100654602051e+00 1.016711428051903177e+00
1.078625321388244629e+00 1.057153518237764711e+00
1.075961232185363770e+00 1.097595608423626690e+00
1.073142170906066895e+00 1.138037698609488224e+00
1.071280360221862793e+00 1.178479788795349981e+00
1.070500373840332031e+00 1.218921878981211737e+00
1.069343090057373047e+00 1.259363969167073494e+00
1.067703843116760254e+00 1.299806059352935250e+00
1.067665100097656250e+00 1.340248149538797007e+00
1.067468285560607910e+00 1.380690239724658763e+00
1.065149545669555664e+00 1.421132329910520520e+00
1.063308835029602051e+00 1.461574420096382276e+00
1.062873840332031250e+00 1.542458600468105567e+00
1.062868595123291016e+00 1.582900690653967324e+00
1.062286257743835449e+00 1.623342780839829080e+00
1.060810685157775879e+00 1.663784871025690837e+00
1.059577822685241699e+00 1.704226961211552593e+00
1.058361530303955078e+00 1.744669051397414350e+00
1.056360840797424316e+00 1.785111141583276106e+00
1.054342746734619141e+00 1.865995321954999620e+00
1.052070617675781250e+00 1.906437412140861376e+00
1.050951878229777092e+00 1.946879502326722911e+00
1.050939751995934479e+00 1.987321592512584667e+00
1.050927625762091644e+00 2.068205772884308402e+00
1.050915499528249031e+00 2.108647863070169937e+00
1.050879120826721191e+00 2.149089953256031471e+00
1.050536036491394043e+00 2.229974133627755428e+00
1.049805521965026855e+00 2.270416223813616963e+00
1.049213171005249023e+00 2.310858313999478497e+00
1.048361659049987793e+00 2.391742494371202010e+00
1.047205209732055664e+00 2.432184584557063989e+00
1.045721411705017090e+00 2.513068764928787502e+00
1.043928742408752441e+00 2.553510855114649036e+00
1.042338967323303223e+00 2.593952945300510571e+00
1.040852665901184082e+00 2.674837125672234084e+00
1.039751410484313965e+00 2.715279215858096062e+00
1.039015173912048340e+00 2.796163396229819575e+00
1.036887645721435547e+00 2.836605486415681110e+00
1.034244060516357422e+00 2.917489666787404623e+00
1.030923247337341309e+00 2.957931756973266602e+00
