1.123384118080139160e+00 4.100800752639770508e-01
1.121955752372741699e+00 4.505221654498388073e-01
1.119867801666259766e+00 4.909642556357005083e-01
1.119289040565490723e+00 5.314063458215623204e-01
1.117108583450317383e+00 5.718484360074239659e-01
1.115533550580342537e+00 6.122905261932857224e-01
1.115198175112406487e+00 6.527326163791474789e-01
1.112916946411132812e+00 6.931747065650091244e-01
1.110414147377014160e+00 7.336167967508708809e-01
1.106532096862792969e+00 7.740588869367326375e-01
1.101123332977294922e+00 8.145009771225943940e-01
1.097341537475585938e+00 8.549430673084561505e-01
1.093997240066528320e+00 8.953851574943179070e-01
1.090363025665283203e+00 9.358272476801796635e-01
1.085061788558959961e+00 9.762693378660413090e-01
1.081057548522949219e+00 1.016711428051903177e+00
1.079089999198913574e+00 1.057153518237764711e+00
1.076971292495727539e+00 1.097595608423626690e+00
1.074370622634887695e+00 1.138037698609488224e+00
1.071848154067993164e+00 1.178479788795349981e+00
1.070865631103515625e+00 1.218921878981211737e+00
1.069616794586181641e+00 1.259363969167073494e+00
1.067070007324218750e+00 1.299806059352935250e+00
1.065214276313781738e+00 1.340248149538797007e+00
1.063974142074584961e+00 1.380690239724658763e+00
1.061207413673400879e+00 1.421132329910520520e+00
1.059141397476196289e+00 1.461574420096382276e+00
1.058008313179016113e+00 1.542458600468105567e+00
1.057172179222106934e+00 1.582900690653967324e+00
1.056127548217773438e+00 1.623342780839829080e+00
1.054833412170410156e+00 1.663784871025690837e+00
1.053033351898193359e+00 1.704226961211552593e+00
1.050799489021301270e+00 1.744669051397414350e+00
1.049018621444702148e+00 1.785111141583276106e+00
1.047747254371643066e+00 1.865995321954999620e+00
1.046835541725158691e+00 1.906437412140861376e+00
1.045874065823025223e+00 1.946879502326722911e+00
1.045864144961039299e+00 1.987321592512584667e+00
1.045854224099053376e+00 2.068205772884308402e+00
1.045340776443481445e+00 2.108647863070169937e+00
1.044588804244995117e+00 2.149089953256031471e+00
1.043512344360351562e+00 2.229974133627755428e+00
1.041675925254821777e+00 2.270416223813616963e+00
1.039308428764343262e+00 2.310858313999478497e+00
1.038049340248107910e+00 2.391742494371202010e+00
1.037370443344116211e+00 2.432184584557063989e+00
1.035942435264587402e+00 2.513068764928787502e+00
1.034544348716735840e+00 2.553510855114649036e+00
1.033847212791442871e+00 2.593952945300510571e+00
1.033388495445251465e+00 2.674837125672234084e+00
1.032739996910095215e+00 2.715279215858096062e+00
1.031300306320190430e+00 2.796163396229819575e+00
1.029944777488708496e+00 2.836605486415681110e+00
1.028330802917480469e+00 2.917489666787404623e+00
1.025005340576171875e+00 2.957931756973266602e+00
