1.035489467811584463e+00 4.079496562480926514e-01
1.032900838088989248e+00 4.953578549718100077e-01
1.031407026481628408e+00 5.827660536955273640e-01
1.030789601834614988e+00 6.701742524192446648e-01
1.030746765963236555e+00 7.575824511429620767e-01
1.030703930091857901e+00 8.449906498666793775e-01
1.029902128410339346e+00 9.323988485903966783e-01
1.028695491981506338e+00 1.019807047314114090e+00
1.028198965422312039e+00 1.107215246037831502e+00
1.028196250572658510e+00 1.194623444761548692e+00
1.028193535723004759e+00 1.282031643485266104e+00
1.028190820873351008e+00 1.369439842208983293e+00
1.028188106023697479e+00 1.456848040932700705e+00
1.028185391174043728e+00 1.544256239656418117e+00
1.028182676324389977e+00 1.631664438380135529e+00
1.028179961474736448e+00 1.719072637103852719e+00
1.027860232226053938e+00 1.806480835827570131e+00
1.027735698254903074e+00 1.893889034551287542e+00
1.027582077217102041e+00 1.981297233275004732e+00
1.027249986627366773e+00 2.068705431998722144e+00
1.027160354487101301e+00 2.156113630722439556e+00
1.027070722346835829e+00 2.243521829446156524e+00
1.026619581413269033e+00 2.330930028169873935e+00
1.026575752131144270e+00 2.418338226893591347e+00
1.026531922849019285e+00 2.505746425617308759e+00
1.026309372926794694e+00 2.593154624341026171e+00
1.026302907354181171e+00 2.680562823064743583e+00
1.026296441781567648e+00 2.767971021788460995e+00
1.026289976208954347e+00 2.855379220512178406e+00
1.026283510636340823e+00 2.942787419235895374e+00
1.026277045063727300e+00 3.030195617959612786e+00
1.026270579491113777e+00 3.117603816683330198e+00
1.026264113918500254e+00 3.205012015407047610e+00
1.026257648345886730e+00 3.292420214130765022e+00
1.026251182773273207e+00 3.379828412854482433e+00
1.026244717200659684e+00 3.467236611578199845e+00
1.026238251628046161e+00 3.554644810301916813e+00
1.026231786055432638e+00 3.642053009025634225e+00
1.026225320482819114e+00 3.729461207749351637e+00
1.026218854910205591e+00 3.816869406473069049e+00
1.026212389337592068e+00 3.904277605196786460e+00
1.026205923764978545e+00 3.991685803920503872e+00
1.026199458192365022e+00 4.079094002644220396e+00
1.026192992619751498e+00 4.166502201367938696e+00
1.026186527047137975e+00 4.341318598815373520e+00
1.026180061474524674e+00 4.428726797539090043e+00
1.026173595901911151e+00 4.516134996262807455e+00
1.026167130329297628e+00 4.603543194986524867e+00
1.025589732360839834e+00 4.690951393710242279e+00
1.023901132774353018e+00 4.865767791157677102e+00
1.021935729217529287e+00 4.953175989881394514e+00
1.018910674285888662e+00 5.040584188605111926e+00
1.015814093780517569e+00 5.127992387328829338e+00
1.012189356517791738e+00 5.302808784776264162e+00
1.008333770465850820e+00 5.390216983499981573e+00
1.005665389728546133e+00 5.477625182223698097e+00
1.002843646240234365e+00 5.565033380947415509e+00
1.000392107200622549e+00 5.739849778394850333e+00
9.952755252838134670e-01 5.827257977118567744e+00
9.905451814651489162e-01 5.914666175842285156e+00
