1.087194204330444336e+00 4.100800752639770508e-01
1.084955334663391113e+00 4.505221654498388073e-01
1.081178903579711914e+00 4.909642556357005083e-01
1.078621387481689453e+00 5.314063458215623204e-01
1.075736045837402344e+00 5.718484360074239659e-01
1.072521686553955078e+00 6.122905261932857224e-01
1.071566343307495117e+00 6.527326163791474789e-01
1.069370031356811523e+00 6.931747065650091244e-01
1.067251682281494141e+00 7.336167967508708809e-01
1.062672734260559082e+00 7.740588869367326375e-01
1.056505560874938965e+00 8.145009771225943940e-01
1.051710009574890137e+00 8.549430673084561505e-01
1.047485709190368652e+00 8.953851574943179070e-01
1.043753504753112793e+00 9.358272476801796635e-01
1.038459062576293945e+00 9.762693378660413090e-01
1.034092426300048828e+00 1.016711428051903177e+00
1.032160162925720215e+00 1.057153518237764711e+00
1.029851675033569336e+00 1.097595608423626690e+00
1.026957273483276367e+00 1.138037698609488224e+00
1.024675011634826660e+00 1.178479788795349981e+00
1.023295283317565918e+00 1.218921878981211737e+00
1.021827459335327148e+00 1.259363969167073494e+00
1.018995404243469238e+00 1.299806059352935250e+00
1.017091870307922363e+00 1.340248149538797007e+00
1.015858769416809082e+00 1.380690239724658763e+00
1.014127373695373535e+00 1.421132329910520520e+00
1.012380361557006836e+00 1.461574420096382276e+00
1.012288053830464607e+00 1.542458600468105567e+00
1.012195746103922600e+00 1.582900690653967324e+00
1.012103438377380371e+00 1.623342780839829080e+00
1.011322736740112305e+00 1.663784871025690837e+00
1.010324120521545410e+00 1.704226961211552593e+00
1.009413003921508789e+00 1.744669051397414350e+00
1.008444666862487793e+00 1.785111141583276106e+00
1.007326006889343262e+00 1.865995321954999620e+00
1.006244301795959473e+00 1.906437412140861376e+00
1.005977376302083393e+00 1.946879502326722911e+00
1.005976573626200299e+00 1.987321592512584667e+00
1.005975770950317427e+00 2.068205772884308402e+00
1.005974968274434556e+00 2.108647863070169937e+00
1.005974165598551462e+00 2.149089953256031471e+00
1.005970954895019531e+00 2.229974133627755428e+00
1.004448771476745605e+00 2.270416223813616963e+00
1.004024836752149819e+00 2.310858313999478497e+00
1.004020380973815962e+00 2.391742494371202010e+00
1.004015925195482106e+00 2.432184584557063989e+00
1.004011469417148250e+00 2.513068764928787502e+00
1.004007013638814394e+00 2.553510855114649036e+00
1.004002557860480538e+00 2.593952945300510571e+00
1.003358006477355957e+00 2.674837125672234084e+00
1.003283381462097168e+00 2.715279215858096062e+00
1.002991080284118652e+00 2.796163396229819575e+00
1.002238750457763672e+00 2.836605486415681110e+00
1.001402616500854492e+00 2.917489666787404623e+00
9.993605017662048340e-01 2.957931756973266602e+00
