1.035756735038757315e+00 4.079496562480926514e-01
1.033208278846740713e+00 4.953578549718100077e-01
1.031768826675415029e+00 5.827660536955273640e-01
1.030665187072753897e+00 6.701742524192446648e-01
1.030642894935607901e+00 7.575824511429620767e-01
1.030533341598510733e+00 8.449906498666793775e-01
1.029623893928527822e+00 9.323988485903966783e-01
1.028474120330810537e+00 1.019807047314114090e+00
1.027985004615783682e+00 1.107215246037831502e+00
1.027876855299207914e+00 1.194623444761548692e+00
1.027855225435892583e+00 1.282031643485266104e+00
1.027833595572577474e+00 1.369439842208983293e+00
1.027811965709262365e+00 1.456848040932700705e+00
1.027790335845947256e+00 1.544256239656418117e+00
1.027768705982631925e+00 1.631664438380135529e+00
1.026912121009826651e+00 1.719072637103852719e+00
1.026237025557623861e+00 1.806480835827570131e+00
1.026164390675226690e+00 1.893889034551287542e+00
1.026091755792829519e+00 1.981297233275004732e+00
1.026019120910432569e+00 2.068705431998722144e+00
1.025946486028035398e+00 2.156113630722439556e+00
1.025873851145638227e+00 2.243521829446156524e+00
1.025801216263241278e+00 2.330930028169873935e+00
1.025728581380844107e+00 2.418338226893591347e+00
1.025655946498446935e+00 2.505746425617308759e+00
1.025074867439270010e+00 2.593154624341026171e+00
1.025069979858398428e+00 2.680562823064743583e+00
1.025065092277526846e+00 2.767971021788460995e+00
1.024644641113281240e+00 2.855379220512178406e+00
1.024465460720768384e+00 2.942787419235895374e+00
1.024461316704593949e+00 3.030195617959612786e+00
1.024457172688419515e+00 3.117603816683330198e+00
1.024453028672245081e+00 3.205012015407047610e+00
1.024448884656070646e+00 3.292420214130765022e+00
1.024444740639896212e+00 3.379828412854482433e+00
1.024440596623721778e+00 3.467236611578199845e+00
1.024436452607547343e+00 3.554644810301916813e+00
1.024432308591372909e+00 3.642053009025634225e+00
1.024428164575198252e+00 3.729461207749351637e+00
1.024424020559023818e+00 3.816869406473069049e+00
1.024419876542849384e+00 3.904277605196786460e+00
1.024415732526674949e+00 3.991685803920503872e+00
1.024411588510500515e+00 4.079094002644220396e+00
1.024407444494326080e+00 4.166502201367938696e+00
1.024403300478151646e+00 4.341318598815373520e+00
1.024399156461977212e+00 4.428726797539090043e+00
1.024395012445802777e+00 4.516134996262807455e+00
1.023930100631713858e+00 4.603543194986524867e+00
1.022537497711181631e+00 4.690951393710242279e+00
1.020569233131408682e+00 4.865767791157677102e+00
1.018661765289306631e+00 4.953175989881394514e+00
1.016648797225952139e+00 5.040584188605111926e+00
1.014402655792236319e+00 5.127992387328829338e+00
1.010749248695373526e+00 5.302808784776264162e+00
1.005024997425079336e+00 5.390216983499981573e+00
1.000186053943634024e+00 5.477625182223698097e+00
9.963796417236328029e-01 5.565033380947415509e+00
9.929617127100626162e-01 5.739849778394850333e+00
9.928548813184102650e-01 5.827257977118567744e+00
9.850737730979919338e-01 5.914666175842285156e+00
